Refractive index for coarse mode nitrate from S. Remy (GLOMAP?) mixed with water from Hale&Querry 1973
Wavelength(m)  Real Part  Imaginary Part  wl_index RH_index
0.200E-06 1.4575 0.46865 1 1
0.400E-06 1.50087 0.000979 2 1
0.600E-06 1.4652 1e-08 3 1
0.800E-06 1.4572 1.06e-07 4 1
1.000E-06 1.4597 3.15e-06 5 1
1.200E-06 1.4587 1.08e-05 6 1
1.400E-06 1.4579 0.000151 7 1
1.600E-06 1.45703 0.000958 8 1
1.800E-06 1.456 0.000123 9 1
2.000E-06 1.45495 0.00108 10 1
2.200E-06 1.453247 0.00567 11 1
2.400E-06 1.452008 0.001 12 1
2.600E-06 1.449707 0.000884 13 1
2.800E-06 1.448125 0.00951 14 1
3.000E-06 1.445367 0.209 15 1
3.200E-06 1.443455 0.507 16 1
3.400E-06 1.440959 0.311 17 1
3.600E-06 1.437115 0.123 18 1
3.800E-06 1.434378 0.0516 19 1
4.000E-06 1.430281 0.0279 20 1
4.200E-06 1.424941 0.0575 21 1
4.400E-06 1.419773 0.0112 22 1
4.600E-06 1.415361 0.0108 23 1
4.800E-06 1.406344 0.0206 24 1
5.000E-06 1.399679 0.0257 25 1
5.200E-06 1.389623 0.0437 26 1
5.400E-06 1.369257 0.0484 27 1
5.490E-06 1.361898 0.0613 28 1
5.990E-06 1.29893 0.0063 29 1
6.490E-06 1.188639 0.018 30 1
6.990E-06 0.718218 1.3 31 1
7.490E-06 2.507845 0.27 32 1
7.990E-06 1.797439 0.023 33 1
8.490E-06 1.6866 0.008 34 1
8.990E-06 1.636676 0.0053 35 1
9.490E-06 1.54 0.0075 36 1
9.990E-06 1.44 0.0126 37 1
10.490E-06 1.4375 0.0134 38 1
11.990E-06 1.427 0.0163 39 1
13.490E-06 1.422 0.0183 40 1
14.990E-06 1.408 0.0215 41 1
16.490E-06 1.3975 0.0238 42 1
17.990E-06 1.3865 0.0278 43 1
19.490E-06 1.363 0.0315 44 1
20.990E-06 1.353 0.0365 45 1
22.490E-06 1.3265 0.0398 46 1
23.990E-06 1.3095 0.0437 47 1
25.490E-06 1.3095 0.0487 48 1
26.990E-06 1.2445 0.0593 49 1
28.490E-06 1.2045 0.0697 50 1
29.990E-06 1.15 0.0852 51 1
31.490E-06 1.1145 0.0962 52 1
41.490E-06 0.522 1.15 53 1
51.490E-06 2.514 0.763 54 1
0.200E-06 1.4575 0.46865 1 2
0.400E-06 1.50087 0.000979 2 2
0.600E-06 1.4652 1e-08 3 2
0.800E-06 1.4572 1.06e-07 4 2
1.000E-06 1.4597 3.15e-06 5 2
1.200E-06 1.4587 1.08e-05 6 2
1.400E-06 1.4579 0.000151 7 2
1.600E-06 1.45703 0.000958 8 2
1.800E-06 1.456 0.000123 9 2
2.000E-06 1.45495 0.00108 10 2
2.200E-06 1.453247 0.00567 11 2
2.400E-06 1.452008 0.001 12 2
2.600E-06 1.449707 0.000884 13 2
2.800E-06 1.448125 0.00951 14 2
3.000E-06 1.445367 0.209 15 2
3.200E-06 1.443455 0.507 16 2
3.400E-06 1.440959 0.311 17 2
3.600E-06 1.437115 0.123 18 2
3.800E-06 1.434378 0.0516 19 2
4.000E-06 1.430281 0.0279 20 2
4.200E-06 1.424941 0.0575 21 2
4.400E-06 1.419773 0.0112 22 2
4.600E-06 1.415361 0.0108 23 2
4.800E-06 1.406344 0.0206 24 2
5.000E-06 1.399679 0.0257 25 2
5.200E-06 1.389623 0.0437 26 2
5.400E-06 1.369257 0.0484 27 2
5.490E-06 1.361898 0.0613 28 2
5.990E-06 1.29893 0.0063 29 2
6.490E-06 1.188639 0.018 30 2
6.990E-06 0.718218 1.3 31 2
7.490E-06 2.507845 0.27 32 2
7.990E-06 1.797439 0.023 33 2
8.490E-06 1.6866 0.008 34 2
8.990E-06 1.636676 0.0053 35 2
9.490E-06 1.54 0.0075 36 2
9.990E-06 1.44 0.0126 37 2
10.490E-06 1.4375 0.0134 38 2
11.990E-06 1.427 0.0163 39 2
13.490E-06 1.422 0.0183 40 2
14.990E-06 1.408 0.0215 41 2
16.490E-06 1.3975 0.0238 42 2
17.990E-06 1.3865 0.0278 43 2
19.490E-06 1.363 0.0315 44 2
20.990E-06 1.353 0.0365 45 2
22.490E-06 1.3265 0.0398 46 2
23.990E-06 1.3095 0.0437 47 2
25.490E-06 1.3095 0.0487 48 2
26.990E-06 1.2445 0.0593 49 2
28.490E-06 1.2045 0.0697 50 2
29.990E-06 1.15 0.0852 51 2
31.490E-06 1.1145 0.0962 52 2
41.490E-06 0.522 1.15 53 2
51.490E-06 2.514 0.763 54 2
0.200E-06 1.45228121205022 0.428881147990276 1 3
0.400E-06 1.4871339803995 0.000895923842343257 2 3
0.600E-06 1.45389686902584 1.00763725065822e-08 3 3
0.800E-06 1.44632116072908 1.0761230847229e-07 4 3
1.000E-06 1.44843929819616 3.12793683143182e-06 5 3
1.200E-06 1.44726958151487 1.09009814253697e-05 6 3
1.400E-06 1.44628289316545 0.000151509150043881 7 3
1.600E-06 1.44514728655922 0.000884614507008612 8 3
1.800E-06 1.44378039894686 0.000124103158428409 9 3
2.000E-06 1.44231035016065 0.00108084858340647 10 3
2.200E-06 1.43990328050831 0.00521753532767105 11 3
2.400E-06 1.43732682820137 0.000993041616066959 12 3
2.600E-06 1.43208132863927 0.00102282824529823 13 3
2.800E-06 1.42214774046949 0.0190387430712337 14 3
3.000E-06 1.43905633978112 0.214310434957679 15 3
3.200E-06 1.44638643137765 0.471758331129367 16 3
3.400E-06 1.43918045403838 0.286226456031561 17 3
3.600E-06 1.43269260757719 0.1129955410711 18 3
3.800E-06 1.42840583970196 0.0475098279808223 19 3
4.000E-06 1.42355334589518 0.0259233098129725 20 3
4.200E-06 1.41790276436841 0.0532078651300828 21 3
4.400E-06 1.4124944455477 0.0111321133274825 22 3
4.600E-06 1.40811740718404 0.0111277229115781 23 3
4.800E-06 1.39986557484166 0.0201213989587518 24 3
5.000E-06 1.39334186397883 0.0245727418028474 25 3
5.200E-06 1.3834603327272 0.0408487597542662 26 3
5.400E-06 1.36380425760506 0.0451702915549813 27 3
5.490E-06 1.3565351225878 0.0570732060523809 28 3
5.990E-06 1.29590649732275 0.0144973157064848 29 3
6.490E-06 1.20146627163052 0.0198567004933529 30 3
6.990E-06 0.769063590265455 1.1923987754764 31 3
7.490E-06 2.4057141684062 0.249850387013408 32 3
7.990E-06 1.75448888432335 0.0239538077488705 33 3
8.490E-06 1.65195233951389 0.0104210084586544 34 3
8.990E-06 1.60491555969606 0.00823100708594187 35 3
9.490E-06 1.51483101616415 0.010614301101739 36 3
9.990E-06 1.42121236338079 0.0158254655279864 37 3
10.490E-06 1.41613266982513 0.017858457217585 38 3
11.990E-06 1.40021022185779 0.0317527038317896 39 3
13.490E-06 1.40115879153714 0.0458195598717704 40 3
14.990E-06 1.39623863398635 0.0538140561183168 41 3
16.490E-06 1.3935116579896 0.0580072456981479 42 3
17.990E-06 1.38956338609735 0.0615388276577773 43 3
19.490E-06 1.3725635349909 0.0631691327294009 44 3
20.990E-06 1.36436253181261 0.065801585025354 45 3
22.490E-06 1.34176601548237 0.0676182612308472 46 3
23.990E-06 1.32743905321274 0.0695351218099306 47 3
25.490E-06 1.3286270699818 0.0725112503855034 48 3
26.990E-06 1.26999144553031 0.0805909576682923 49 3
28.490E-06 1.23381855669348 0.0887252399730216 50 3
29.990E-06 1.18402819459938 0.101874663937104 51 3
31.490E-06 1.15122668983195 0.111754533840566 52 3
41.490E-06 0.606790453974323 1.08348803260101 53 3
51.490E-06 2.43680436751357 0.7400288471869 54 3
0.200E-06 1.44912601230969 0.40483750552964 1 4
0.400E-06 1.47882939207429 0.000845697262224382 2 4
0.600E-06 1.44706316812439 1.01225461613217e-08 3 4
0.800E-06 1.43974398013174 1.08587085627902e-07 4 4
1.000E-06 1.44163124932513 3.11459777561818e-06 5 4
1.200E-06 1.44035892452219 1.09620332577475e-05 6 4
1.400E-06 1.43925936723896 0.000151816974408811 7 4
1.600E-06 1.43796317892236 0.000840246755210021 8 4
1.800E-06 1.43639261418853 0.000124770111219091 9 4
2.000E-06 1.43466861030126 0.00108136162401469 10 4
2.200E-06 1.43183587085628 0.00494398207536983 11 4
2.400E-06 1.42845081524673 0.000988834683079581 12 4
2.600E-06 1.42142511607818 0.00110676168880251 13 4
2.800E-06 1.40644228485045 0.0247996760609006 14 4
3.000E-06 1.43524101068999 0.2175210430839 15 4
3.200E-06 1.44815873015873 0.450451754670122 16 4
3.400E-06 1.43810517222762 0.271248748515279 17 4
3.600E-06 1.43001889644747 0.106946997516467 18 4
3.800E-06 1.42479516250945 0.0450369722492171 19 4
4.000E-06 1.41948590864917 0.0247282330201922 20 4
4.200E-06 1.4136475542598 0.0506129057337221 21 4
4.400E-06 1.40809394233884 0.0110910700788252 22 4
4.600E-06 1.40373804124825 0.0113258591944714 23 4
4.800E-06 1.39594881762229 0.0198320440557175 24 4
5.000E-06 1.38951052802073 0.0238912186588921 25 4
5.200E-06 1.37973447791815 0.0391249433106576 26 4
5.400E-06 1.36050761256884 0.043217659000108 27 4
5.490E-06 1.35329280855199 0.0545177507828528 28 4
5.990E-06 1.29407853363568 0.0194532879818594 29 4
6.490E-06 1.20922144476838 0.0209792333441313 30 4
6.990E-06 0.799804060036713 1.1273447133139 31 4
7.490E-06 2.34396742252457 0.237668237771299 32 4
7.990E-06 1.72852189828312 0.0245304653925062 33 4
8.490E-06 1.6310048914804 0.011884713313897 34 4
8.990E-06 1.58571368102797 0.0100030493467228 35 4
9.490E-06 1.49961423172444 0.0124971601338948 36 4
9.990E-06 1.40985364431487 0.0177755328798186 37 4
10.490E-06 1.40321430731023 0.0205539725731563 38 4
11.990E-06 1.38401352985639 0.0410951733074182 39 4
13.490E-06 1.38855851419933 0.0624574667962423 40 4
14.990E-06 1.38912789115646 0.0733506424792139 41 4
16.490E-06 1.39110036713098 0.0786884256559767 42 4
17.990E-06 1.39141546269301 0.0819368091998705 43 4
19.490E-06 1.3783455026455 0.0823158082280532 44 4
20.990E-06 1.37123214555664 0.0835168772270813 45 4
22.490E-06 1.35099561602419 0.0844367584494115 46 4
23.990E-06 1.33828473167045 0.0851546431270921 47 4
25.490E-06 1.34019100529101 0.0869071698520678 48 4
26.990E-06 1.28540318540114 0.0934631465284527 49 4
28.490E-06 1.25154410970737 0.100227610409243 50 4
29.990E-06 1.20460112298888 0.111955911888565 51 4
31.490E-06 1.17343108735558 0.12115856818918 52 4
41.490E-06 0.658053471547349 1.04327590972897 53 4
51.490E-06 2.39013306338408 0.726140837922471 54 4
0.200E-06 1.44482068282274 0.372029502432556 1 5
0.400E-06 1.46749762485393 0.000777162147430778 2 5
0.600E-06 1.43773845450389 1.01855509830818e-08 3 5
0.800E-06 1.43076929329879 1.09917187420617e-07 4 5
1.000E-06 1.43234153838338 3.09639638266524e-06 5 5
1.200E-06 1.43092920286542 1.1045339633186e-05 6 5
1.400E-06 1.42967563379566 0.000152237006553879 7 5
1.600E-06 1.42816032871005 0.000779706122034243 8 5
1.800E-06 1.4263118427069 0.000125680180866738 9 5
2.000E-06 1.42424131229995 0.0010820616775898 10 5
2.200E-06 1.4208277384037 0.00457071350911954 11 5
2.400E-06 1.41633932835442 0.000983094243763654 12 5
2.600E-06 1.40688451328558 0.001221290453691 13 5
2.800E-06 1.3850118947823 0.0326605776558452 14 5
3.000E-06 1.43003492226795 0.221901978356958 15 5
3.200E-06 1.45057706523396 0.421378529695676 16 5
3.400E-06 1.43663792993954 0.250811384443428 17 5
3.600E-06 1.42637056724077 0.0986936458873139 18 5
3.800E-06 1.41986832545852 0.0416627140171722 19 5
4.000E-06 1.41393581390032 0.0230975282223238 20 5
4.200E-06 1.40784123990245 0.0470720347508002 21 5
4.400E-06 1.40208937280902 0.0110350657928161 22 5
4.600E-06 1.39776231392572 0.0115962198851801 23 5
4.800E-06 1.39060432860844 0.0194372138393538 24 5
5.000E-06 1.38428259792715 0.0229612674897119 25 5
5.200E-06 1.37465047883961 0.0367727632982777 26 5
5.400E-06 1.35600927831123 0.0405532550932277 27 5
5.490E-06 1.34886860996799 0.0510307839252146 28 5
5.990E-06 1.29158424274755 0.0262158055174516 29 5
6.490E-06 1.21980352461515 0.0225109505664787 30 5
6.990E-06 0.841750010161053 1.03857721993599 31 5
7.490E-06 2.25971282451862 0.221045465630239 32 5
7.990E-06 1.69308945663771 0.0253173256109333 33 5
8.490E-06 1.60242170400854 0.0138819661636946 34 5
8.990E-06 1.55951235584007 0.0124210343951633 35 5
9.490E-06 1.47885064268658 0.0150663567545598 36 5
9.990E-06 1.39435445816187 0.0204364365188234 37 5
10.490E-06 1.38558695828888 0.0242320540568003 38 5
11.990E-06 1.36191283849007 0.0538431489102271 39 5
13.490E-06 1.37136519839455 0.085160204237159 40 5
14.990E-06 1.3794251486054 0.100008682619519 41 5
16.490E-06 1.38781011532795 0.106908285322359 42 5
17.990E-06 1.39394265609917 0.109770239292791 43 5
19.490E-06 1.38623510643703 0.108441807651273 44 5
20.990E-06 1.3806058629274 0.107689727175735 45 5
22.490E-06 1.36358957984047 0.107385914748768 46 5
23.990E-06 1.35308386424834 0.106467774221409 47 5
25.490E-06 1.35597021287405 0.10655067316974 48 5
26.990E-06 1.30643279479754 0.111027490728039 49 5
28.490E-06 1.27573096072753 0.115922811563278 50 5
29.990E-06 1.23267327135091 0.125711964639537 51 5
31.490E-06 1.20372940608647 0.133990550221003 52 5
41.490E-06 0.728002824772647 0.988405710511609 53 5
51.490E-06 2.32644918965605 0.70719038764416 54 5
0.200E-06 1.44220586025545 0.352103708797896 1 6
0.400E-06 1.46061532682194 0.000735537652637115 2 6
0.600E-06 1.43207513148009 1.02238166791886e-08 3 6
0.800E-06 1.42531855747558 1.1072501878287e-07 4 6
1.000E-06 1.42669947407964 3.08534184823441e-06 5 6
1.200E-06 1.42520210368144 1.10959353869271e-05 6 6
1.400E-06 1.42385499624343 0.000152492111194591 7 6
1.600E-06 1.42220661157025 0.000742937039819684 8 6
1.800E-06 1.42018933132983 0.000126232907588279 9 6
2.000E-06 1.41790833959429 0.00108248685199098 10 6
2.200E-06 1.41414199849737 0.00434401051840721 11 6
2.400E-06 1.40898347107438 0.000979607813673929 12 6
2.600E-06 1.39805334335086 0.00129084898572502 13 6
2.800E-06 1.371996243426 0.0374348610067619 14 6
3.000E-06 1.42687302779865 0.224562719759579 15 6
3.200E-06 1.45204583020285 0.403721036814425 16 6
3.400E-06 1.4357468069121 0.238398842975207 17 6
3.600E-06 1.42415477084899 0.0936810097670924 18 6
3.800E-06 1.41687603305785 0.039613373403456 19 6
4.000E-06 1.41056498873028 0.0221071269722013 20 6
4.200E-06 1.40431480090158 0.0449215026296018 21 6
4.400E-06 1.39844252441773 0.0110010518407213 22 6
4.600E-06 1.39413298271976 0.0117604222389181 23 6
4.800E-06 1.38735837716003 0.0191974154770849 24 6
5.000E-06 1.38110743801653 0.0223964658151766 25 6
5.200E-06 1.37156273478588 0.035344177310293 26 6
5.400E-06 1.35327723516153 0.038935041322314 27 6
5.490E-06 1.34618159278738 0.0489129902329076 28 6
5.990E-06 1.29006934635612 0.0303229902329076 29 6
6.490E-06 1.22623050338092 0.0234412321562735 30 6
6.990E-06 0.867225694966191 0.984664680691209 31 6
7.490E-06 2.20854117205109 0.21094969947408 32 6
7.990E-06 1.67156972201352 0.0257952216378663 33 6
8.490E-06 1.58506183320811 0.015094988730278 34 6
8.990E-06 1.54359909842224 0.0138895867768595 35 6
9.490E-06 1.46623996994741 0.0166267468069121 36 6
9.990E-06 1.38494109691961 0.022052524417731 37 6
10.490E-06 1.37488106686702 0.0264659203606311 38 6
11.990E-06 1.34849008264463 0.0615855747558227 39 6
13.490E-06 1.36092291510143 0.0989486100676184 40 6
14.990E-06 1.37353223140496 0.116199323816679 41 6
16.490E-06 1.38581179564237 0.124047490608565 42 6
17.990E-06 1.39547753568745 0.126674748309542 43 6
19.490E-06 1.39102682193839 0.124309316303531 44 6
20.990E-06 1.38629894815928 0.122370999248685 45 6
22.490E-06 1.37123846731781 0.121323981968445 46 6
23.990E-06 1.36207205108941 0.119412208865515 47 6
25.490E-06 1.36555364387678 0.118481066867017 48 6
26.990E-06 1.31920503380917 0.121695116453794 49 6
28.490E-06 1.2904207362885 0.125455221637866 50 6
29.990E-06 1.24972276483847 0.13406664162284 51 6
31.490E-06 1.2221309541698 0.141783996994741 52 6
41.490E-06 0.770486250939144 0.955080540946656 53 6
51.490E-06 2.28777107438017 0.695680916604057 54 6
0.200E-06 1.43643724829457 0.308145020002466 1 7
0.400E-06 1.44543215254377 0.000643709028570724 2 7
0.600E-06 1.41958116215994 1.03082353908112e-08 3 7
0.800E-06 1.41329358099778 1.12507191583792e-07 4 7
1.000E-06 1.41425240404372 3.06095422043232e-06 5 7
1.200E-06 1.41256743650859 1.12075556834059e-05 6 7
1.400E-06 1.41101397221994 0.000153054902605408 7 7
1.600E-06 1.40907199802745 0.000661820037807183 8 7
1.800E-06 1.40668233747021 0.000127452288978384 9 7
2.000E-06 1.40393704282074 0.00108342483767568 10 7
2.200E-06 1.39939245500123 0.00384387655132736 11 7
2.400E-06 1.39275556834059 0.000971916331059423 12 7
2.600E-06 1.37857072408975 0.00144430344374127 13 7
2.800E-06 1.34328215665324 0.047967502260212 14 7
3.000E-06 1.41989750965727 0.230432634174406 15 7
3.200E-06 1.45528610175064 0.364766491329005 16 7
3.400E-06 1.43378088271554 0.211015288896195 17 7
3.600E-06 1.41926645845319 0.0826225337388017 18 7
3.800E-06 1.4102746774061 0.0350922824032218 19 7
4.000E-06 1.40312854442344 0.0199221831182707 20 7
4.200E-06 1.39653505383414 0.04017717103641 21 7
4.400E-06 1.39039713980439 0.0109260129859456 22 7
4.600E-06 1.38612624311663 0.0121226723103477 23 7
4.800E-06 1.38019741924879 0.0186683915509164 24 7
5.000E-06 1.37410265472179 0.0211504456316265 25 7
5.200E-06 1.36475080134791 0.0321925454097148 26 7
5.400E-06 1.34725002054738 0.0353650678063615 27 7
5.490E-06 1.34025371085724 0.0442408835374373 28 7
5.990E-06 1.28672730336155 0.0393839319470699 29 7
6.490E-06 1.24040918878935 0.0254935448343881 30 7
6.990E-06 0.923428108818936 0.865727157886085 31 7
7.490E-06 2.09565037396236 0.188677229390976 32 7
7.990E-06 1.62409460836689 0.0268495175474645 33 7
8.490E-06 1.54676387770198 0.0177710618887154 34 7
8.990E-06 1.50849254540971 0.0171293893317991 35 7
9.490E-06 1.43841931453933 0.020069154269746 36 7
9.990E-06 1.36417409386044 0.0256178080052601 37 7
10.490E-06 1.35126258732637 0.0313940971480233 38 7
11.990E-06 1.31887787457878 0.0786662940741349 39 7
13.490E-06 1.3378859866853 0.129367485822306 40 7
14.990E-06 1.36053174981507 0.151917818689899 41 7
16.490E-06 1.3814032629243 0.161858631544341 42 7
17.990E-06 1.39886366400921 0.163968121147366 43 7
19.490E-06 1.40159792060491 0.159314942056382 44 7
20.990E-06 1.39885857647736 0.154759644941234 45 7
22.490E-06 1.38811282978549 0.152073028684146 46 7
23.990E-06 1.38190106846388 0.147969183036081 47 7
25.490E-06 1.38669584120983 0.144800945179584 48 7
26.990E-06 1.34738212377743 0.145229177282814 49 7
28.490E-06 1.32282814169475 0.146484860688748 50 7
29.990E-06 1.28733599079477 0.152498060327114 51 7
31.490E-06 1.26272697460344 0.158977274595217 52 7
41.490E-06 0.864209780553957 0.881561222980192 53 7
51.490E-06 2.20244251664338 0.670289644119339 54 7
0.200E-06 1.43159027777778 0.271209537083333 1 8
0.400E-06 1.43267476851852 0.000566551709537037 2 8
0.600E-06 1.40908333333333 1.03791666666667e-08 3 8
0.800E-06 1.40318981481481 1.1400462962963e-07 4 8
1.000E-06 1.40379398148148 3.04046296296296e-06 5 8
1.200E-06 1.40195138888889 1.13013425925926e-05 6 8
1.400E-06 1.40022453703704 0.000153527777777778 7 8
1.600E-06 1.39803587962963 0.000593662962962963 8 8
1.800E-06 1.39533333333333 0.000128476851851852 9 8
2.000E-06 1.39219791666667 0.00108421296296296 10 8
2.200E-06 1.3869994212963 0.00342364814814815 11 8
2.400E-06 1.37912037037037 0.000965453703703704 12 8
2.600E-06 1.36220081018519 0.00157324074074074 13 8
2.800E-06 1.3191556712963 0.0568173611111111 14 8
3.000E-06 1.41403645833333 0.235364722222222 15 8
3.200E-06 1.45800868055556 0.332035648148148 16 8
3.400E-06 1.43212905092593 0.188006759259259 17 8
3.600E-06 1.41515914351852 0.0733308518518519 18 8
3.800E-06 1.40472800925926 0.0312935185185185 19 8
4.000E-06 1.39688020833333 0.0180863240740741 20 8
4.200E-06 1.38999826388889 0.0361908333333333 21 8
4.400E-06 1.38363715277778 0.010862962962963 22 8
4.600E-06 1.37939872685185 0.0124270462962963 23 8
4.800E-06 1.37418055555556 0.0182238888888889 24 8
5.000E-06 1.36821701388889 0.0201035 25 8
5.200E-06 1.35902719907407 0.0295444444444444 26 8
5.400E-06 1.34218576388889 0.032365462962963 27 8
5.490E-06 1.33527291666667 0.0403152314814815 28 8
5.990E-06 1.28391921296296 0.0469972222222222 29 8
6.490E-06 1.25232256944444 0.027217962962963 30 8
6.990E-06 0.970651157407407 0.765792083333333 31 8
7.490E-06 2.00079594907407 0.169963194444444 32 8
7.990E-06 1.58420451388889 0.0277353703703704 33 8
8.490E-06 1.51458472222222 0.0200195833333333 34 8
8.990E-06 1.47899490740741 0.0198515740740741 35 8
9.490E-06 1.41504351851852 0.0229615740740741 36 8
9.990E-06 1.346725 0.0286134722222222 37 8
10.490E-06 1.33141759259259 0.0355349074074074 38 8
11.990E-06 1.29399675925926 0.0930180555555555 39 8
13.490E-06 1.31852962962963 0.154926388888889 40 8
14.990E-06 1.34960833333333 0.18192962962963 41 8
16.490E-06 1.37769907407407 0.19362875 42 8
17.990E-06 1.4017087962963 0.195303194444444 43 8
19.490E-06 1.41048009259259 0.188727777777778 44 8
20.990E-06 1.40941157407407 0.181973611111111 45 8
22.490E-06 1.4022912037037 0.177909351851852 46 8
23.990E-06 1.39856203703704 0.171963657407407 47 8
25.490E-06 1.40446018518519 0.166915740740741 48 8
26.990E-06 1.37105740740741 0.165003240740741 49 8
28.490E-06 1.35005787037037 0.16415462962963 50 8
29.990E-06 1.31893981481481 0.167984722222222 51 8
31.490E-06 1.29683703703704 0.173423611111111 52 8
41.490E-06 0.942959259259259 0.819787962962963 53 8
51.490E-06 2.13074675925926 0.648955092592593 54 8
0.200E-06 1.41991736957158 0.182258201362796 1 9
0.400E-06 1.40195129451304 0.000380734548199559 2 9
0.600E-06 1.38380152238919 1.05499897135866e-08 3 9
0.800E-06 1.378857020798 1.17610893953495e-07 4 9
1.000E-06 1.37860707223007 2.99111408274165e-06 5 9
1.200E-06 1.37638487286654 1.15272086212978e-05 6 9
1.400E-06 1.37424045356666 0.000154666598090577 7 9
1.600E-06 1.37145771156275 0.00042952099521147 8 9
1.800E-06 1.36800164582615 0.000130944295862917 9 9
2.000E-06 1.36392670240142 0.00108611099681763 10 9
2.200E-06 1.35715340834183 0.00241161649684038 11 9
2.400E-06 1.34628286625757 0.000949889826095445 12 9
2.600E-06 1.32277731840008 0.00188375907936405 13 9
2.800E-06 1.26105210992034 0.0781303832651526 14 9
3.000E-06 1.39992134996634 0.24724261808472 15 9
3.200E-06 1.4645654385065 0.25321030216388 16 9
3.400E-06 1.42815096176993 0.132595558906148 17 9
3.600E-06 1.40526754008493 0.0509537919188847 18 9
3.800E-06 1.39137002659689 0.0221449953390297 19 9
4.000E-06 1.38183240613016 0.0136650440130157 20 9
4.200E-06 1.37425578129491 0.0265905780964341 21 9
4.400E-06 1.36735714699615 0.0107111202545897 22 9
4.600E-06 1.36319692006504 0.0131600669709682 23 9
4.800E-06 1.3596902058955 0.0171533977948574 24 9
5.000E-06 1.35404268686563 0.017582151827462 25 9
5.200E-06 1.34524310781133 0.0231670506927676 26 9
5.400E-06 1.32998956774896 0.0251415461121052 27 9
5.490E-06 1.32327772231195 0.0308611248513915 28 9
5.990E-06 1.27715651833879 0.0653322292582932 29 9
6.490E-06 1.28101343899496 0.0313708610369716 30 9
6.990E-06 1.08437792951804 0.525119492527864 31 9
7.490E-06 1.77235903351271 0.124894380565407 32 9
7.990E-06 1.48813761817222 0.0298687604230147 33 9
8.490E-06 1.43708799993622 0.0254346739206947 34 9
8.990E-06 1.40795605550852 0.0264073830080895 35 9
9.490E-06 1.35874783438913 0.0299273583206973 36 9
9.990E-06 1.3047025304577 0.0358278989038067 37 9
10.490E-06 1.28362510013211 0.0455071772798212 38 9
11.990E-06 1.23407583046746 0.127581252049019 39 9
13.490E-06 1.27191391815904 0.216479626795699 40 9
14.990E-06 1.32330158410767 0.254206758815301 41 9
16.490E-06 1.36877831495715 0.27014039271543 42 9
17.990E-06 1.40856069851164 0.270767122472099 43 9
19.490E-06 1.43187093413468 0.259562401233903 44 9
20.990E-06 1.43482624738805 0.247512720112719 45 9
22.490E-06 1.43643683274914 0.240130697675504 46 9
23.990E-06 1.43868647272467 0.229749298112706 47 9
25.490E-06 1.44724186826935 0.220174570702661 48 9
26.990E-06 1.42807434440157 0.212624910154304 49 9
28.490E-06 1.41563494004907 0.206708548651235 50 9
29.990E-06 1.39505097238691 0.205281087466404 51 9
31.490E-06 1.37898394226697 0.208214571667134 52 9
41.490E-06 1.13261080201746 0.671020069434263 53 9
51.490E-06 1.95808261950032 0.597575316146791 54 9
0.200E-06 1.41422222222222 0.138859336666667 1 10
0.400E-06 1.38696148148148 0.000290075382962963 2 10
0.600E-06 1.37146666666667 1.06333333333333e-08 3 10
0.800E-06 1.36698518518519 1.1937037037037e-07 4 10
1.000E-06 1.36631851851852 2.96703703703704e-06 5 10
1.200E-06 1.36391111111111 1.16374074074074e-05 6 10
1.400E-06 1.36156296296296 0.000155222222222222 7 10
1.600E-06 1.35849037037037 0.000349437037037037 8 10
1.800E-06 1.35466666666667 0.000132148148148148 9 10
2.000E-06 1.35013333333333 0.00108703703703704 10 10
2.200E-06 1.3425917037037 0.00191785185185185 11 10
2.400E-06 1.33026162962963 0.000942296296296296 12 10
2.600E-06 1.30354281481481 0.00203525925925926 13 10
2.800E-06 1.2327037037037 0.0885288888888889 14 10
3.000E-06 1.39303466666667 0.253037777777778 15 10
3.200E-06 1.46776444444444 0.214751851851852 16 10
3.400E-06 1.42621007407407 0.105560740740741 17 10
3.600E-06 1.40044148148148 0.0400361481481481 18 10
3.800E-06 1.38485274074074 0.0176814814814815 19 10
4.000E-06 1.37449066666667 0.0115079259259259 20 10
4.200E-06 1.36657511111111 0.0219066666666667 21 10
4.400E-06 1.35941422222222 0.010637037037037 22 10
4.600E-06 1.35529214814815 0.0135177037037037 23 10
4.800E-06 1.35262044444444 0.0166311111111111 24 10
5.000E-06 1.34712711111111 0.016352 25 10
5.200E-06 1.33851792592593 0.0200555555555556 26 10
5.400E-06 1.32403911111111 0.021617037037037 27 10
5.490E-06 1.31742533333333 0.0262485185185185 28 10
5.990E-06 1.27385703703704 0.0742777777777778 29 10
6.490E-06 1.29501155555556 0.033397037037037 30 10
6.990E-06 1.13986459259259 0.407696666666667 31 10
7.490E-06 1.66090592592593 0.102905555555556 32 10
7.990E-06 1.44126711111111 0.0309096296296296 33 10
8.490E-06 1.39927777777778 0.0280766666666667 34 10
8.990E-06 1.37329659259259 0.0296059259259259 35 10
9.490E-06 1.33128148148148 0.0333259259259259 36 10
9.990E-06 1.2842 0.0393477777777778 37 10
10.490E-06 1.26030740740741 0.0503725925925926 38 10
11.990E-06 1.20484074074074 0.144444444444444 39 10
13.490E-06 1.24917037037037 0.246511111111111 40 10
14.990E-06 1.31046666666667 0.28947037037037 41 10
16.490E-06 1.36442592592593 0.30747 42 10
17.990E-06 1.4119037037037 0.307585555555556 43 10
19.490E-06 1.44230740740741 0.294122222222222 44 10
20.990E-06 1.44722592592593 0.279488888888889 45 10
22.490E-06 1.4530962962963 0.270488148148148 46 10
23.990E-06 1.45826296296296 0.257942592592593 47 10
25.490E-06 1.46811481481481 0.246159259259259 48 10
26.990E-06 1.45589259259259 0.235859259259259 49 10
28.490E-06 1.44762962962963 0.22747037037037 50 10
29.990E-06 1.43218518518519 0.223477777777778 51 10
31.490E-06 1.41906296296296 0.225188888888889 52 10
41.490E-06 1.22514074074074 0.598437037037037 53 10
51.490E-06 1.87384074074074 0.572507407407407 54 10
0.200E-06 1.40672299300878 0.0817127846997867 1 11
0.400E-06 1.36722326631434 0.000170697635785878 2 11
0.600E-06 1.35522443363853 1.0743078151091e-08 3 11
0.800E-06 1.35135264558904 1.21687205411921e-07 4 11
1.000E-06 1.35013725483359 2.93533297857372e-06 5 11
1.200E-06 1.34748597005338 1.17825144442203e-05 6 11
1.400E-06 1.34486955679516 0.000155953854340607 7 11
1.600E-06 1.34141529611414 0.000243984461040577 8 11
1.800E-06 1.33710749582544 0.000133733351071314 9 11
2.000E-06 1.33197056599444 0.00108825642390101 10 11
2.200E-06 1.32341721108377 0.00126767477598098 11 11
2.400E-06 1.30916526137339 0.000932297324011711 12 11
2.600E-06 1.27821529607927 0.00223475095020539 13 11
2.800E-06 1.1953752233303 0.102221383984452 14 11
3.000E-06 1.38396645237535 0.260668700772526 15 11
3.200E-06 1.47197681636604 0.164110715391017 16 11
3.400E-06 1.42365436114587 0.0699619606338875 17 11
3.600E-06 1.39408664683988 0.0256600647766418 18 11
3.800E-06 1.37627093986947 0.0118040367971274 19 11
4.000E-06 1.3648232456704 0.00866748616498519 20 11
4.200E-06 1.35646139452263 0.0157390079086868 21 11
4.400E-06 1.34895517527386 0.0105394860879191 22 11
4.600E-06 1.34488333993858 0.0139886309105704 23 11
4.800E-06 1.34331115737012 0.0159433769198298 24 11
5.000E-06 1.33802085194964 0.0147321664898971 25 11
5.200E-06 1.32966237270369 0.0159584156926033 26 11
5.400E-06 1.31620369693927 0.0169760506327525 27 11
5.490E-06 1.30971905223039 0.0201747525490647 28 11
5.990E-06 1.2695123616407 0.0860570548837654 29 11
6.490E-06 1.31344392933007 0.0360650554954119 30 11
6.990E-06 1.21292805858555 0.253077192927916 31 11
7.490E-06 1.51414722960578 0.073951214470496 32 11
7.990E-06 1.37954918631662 0.0322802204647363 33 11
8.490E-06 1.34949021212172 0.0315555773895841 34 11
8.990E-06 1.32765786880252 0.0338176881540917 35 11
9.490E-06 1.29511446709602 0.03780107571671 36 11
9.990E-06 1.25720277483162 0.0439826672477425 37 11
10.490E-06 1.22960324617255 0.0567792511759113 38 11
11.990E-06 1.16634469744509 0.166649479237409 39 11
13.490E-06 1.21922222899117 0.286055827109784 40 11
14.990E-06 1.29356596473199 0.335904622150495 41 11
16.490E-06 1.35869480766525 0.356624703873651 42 11
17.990E-06 1.41630569028265 0.356067157880293 43 11
19.490E-06 1.45604989736439 0.339629739985727 44 11
20.990E-06 1.46355351603454 0.321594317301907 45 11
22.490E-06 1.47503306597919 0.31046208832294 46 11
23.990E-06 1.48404080126737 0.295066825666277 47 11
25.490E-06 1.49559979472879 0.280375254662366 48 11
26.990E-06 1.49252297398637 0.266453675676364 49 11
28.490E-06 1.48975944577993 0.254809023860665 50 11
29.990E-06 1.48108259843054 0.247438729654864 51 11
31.490E-06 1.47183802643575 0.24754025010553 52 11
41.490E-06 1.34698187618901 0.502861494638765 53 11
51.490E-06 1.76291311772504 0.539498604999635 54 11
0.200E-06 1.4036875 0.05858134625 1 12
0.400E-06 1.35923375 0.0001223766275 2 12
0.600E-06 1.34865 1.07875e-08 3 12
0.800E-06 1.345025 1.22625e-07 4 12
1.000E-06 1.3435875 2.9225e-06 5 12
1.200E-06 1.3408375 1.184125e-05 6 12
1.400E-06 1.3381125 0.00015625 7 12
1.600E-06 1.33450375 0.0002013 8 12
1.800E-06 1.33 0.000134375 9 12
2.000E-06 1.32461875 0.00108875 10 12
2.200E-06 1.315655875 0.0010045 11 12
2.400E-06 1.300626 0.00092825 12 12
2.600E-06 1.267963375 0.0023155 13 12
2.800E-06 1.180265625 0.10776375 14 12
3.000E-06 1.380295875 0.2637575 15 12
3.200E-06 1.473681875 0.1436125 16 12
3.400E-06 1.422619875 0.0555525 17 12
3.600E-06 1.391514375 0.019841 18 12
3.800E-06 1.37279725 0.009425 19 12
4.000E-06 1.360910125 0.00751775 20 12
4.200E-06 1.352367625 0.0132425 21 12
4.400E-06 1.344721625 0.0105 22 12
4.600E-06 1.340670125 0.01417925 23 12
4.800E-06 1.339543 0.015665 24 12
5.000E-06 1.334334875 0.0140765 25 12
5.200E-06 1.326077875 0.0143 26 12
5.400E-06 1.313032125 0.0150975 27 12
5.490E-06 1.30659975 0.01771625 28 12
5.990E-06 1.26775375 0.090825 29 12
6.490E-06 1.320904875 0.037145 30 12
6.990E-06 1.24250225 0.19049125 31 12
7.490E-06 1.454743125 0.06223125 32 12
7.990E-06 1.354567375 0.032835 33 12
8.490E-06 1.3293375 0.03296375 34 12
8.990E-06 1.3091845 0.0355225 35 12
9.490E-06 1.280475 0.0396125 36 12
9.990E-06 1.246275 0.04585875 37 12
10.490E-06 1.217175 0.0593725 38 12
11.990E-06 1.1507625 0.1756375 39 12
13.490E-06 1.2071 0.3020625 40 12
14.990E-06 1.286725 0.3547 41 12
16.490E-06 1.356375 0.37652125 42 12
17.990E-06 1.4180875 0.37569125 43 12
19.490E-06 1.4616125 0.35805 44 12
20.990E-06 1.4701625 0.3386375 45 12
22.490E-06 1.4839125 0.3266425 46 12
23.990E-06 1.494475 0.31009375 47 12
25.490E-06 1.506725 0.294225 48 12
26.990E-06 1.50735 0.2788375 49 12
28.490E-06 1.5068125 0.265875 50 12
29.990E-06 1.500875 0.2571375 51 12
31.490E-06 1.4932 0.2565875 52 12
41.490E-06 1.3963 0.464175 53 12
51.490E-06 1.7180125 0.5261375 54 12
