Refractive index for Composite dust, 12 RH values
Wavelength(m)  Real Part  Imaginary Part  wl_index RH_index
   0.200E-06 1.550000 0.005000000    1   1
   0.400E-06 1.525000 0.0050000000   2   1
   0.600E-06 1.520000 0.0022000000   3   1
   1.000E-06 1.510000 0.0006000000   4   1
   1.200E-06 1.500000 0.0005400000   5   1
   1.400E-06 1.490000 0.0005300000   6   1
   1.600E-06 1.490000 0.0005300000   7   1
   1.800E-06 1.480000 0.0005200000   8   1
   2.000E-06 1.480000 0.0005200000   9   1
   2.200E-06 1.470000 0.0005200000  10   1
   2.600E-06 1.460000 0.0010000000  11   1
   3.000E-06 1.459000 0.0020000000  12   1
   3.200E-06 1.441000 0.0025000000  13   1
   3.400E-06 1.433000 0.0030000000  14   1
   3.600E-06 1.427000 0.0035000000  15   1
   4.000E-06 1.417000 0.0040000000  16   1
   5.000E-06 1.394000 0.0040000000  17   1
   5.990E-06 1.367000 0.0040000000  18   1
   6.990E-06 1.323000 0.0040000000  19   1
   7.990E-06 1.181000 0.0490000000  20   1
   8.990E-06 1.150000 0.5010000000  21   1
   9.990E-06 1.702000 0.1870000000  22   1
  10.490E-06 1.575000 0.0610000000  23   1
  11.990E-06 1.474000 0.0350000000  24   1
  13.490E-06 1.465000 0.0280000000  25   1
  14.990E-06 1.458000 0.0160000000  26   1
   0.200E-06 1.546362 0.0048818973   1   2
   0.400E-06 1.520606 0.0048818947   2   2
   0.600E-06 1.515559 0.0021480339   3   2
   1.000E-06 1.505677 0.0005858956   4   2
   1.200E-06 1.495842 0.0005274782   5   2
   1.400E-06 1.486008 0.0005207405   6   2
   1.600E-06 1.485913 0.0005195004   7   2
   1.800E-06 1.476031 0.0005104334   8   2
   2.000E-06 1.475889 0.0005334640   9   2
   2.200E-06 1.465889 0.0005145435  10   2
   2.600E-06 1.454850 0.0010512576  11   2
   3.000E-06 1.456921 0.0083677651  12   2
   3.200E-06 1.441873 0.0046069984  13   2
   3.400E-06 1.432692 0.0033793542  14   2
   3.600E-06 1.426007 0.0035378881  15   2
   4.000E-06 1.415441 0.0040143143  16   2
   5.000E-06 1.392370 0.0041987948  17   2
   5.990E-06 1.364550 0.0063361227  18   2
   6.990E-06 1.322867 0.0046611534  19   2
   7.990E-06 1.183605 0.0486513531  20   2
   8.990E-06 1.152655 0.4901069123  21   2
   9.990E-06 1.690581 0.1837783237  22   2
  10.490E-06 1.565804 0.0611166880  23   2
  11.990E-06 1.465432 0.0388596810  24   2
  13.490E-06 1.458182 0.0354311852  25   2
  14.990E-06 1.453545 0.0251248151  26   2
   0.200E-06 1.542838 0.0047674851   1   3
   0.400E-06 1.516350 0.0047674800   2   3
   0.600E-06 1.511257 0.0020976917   3   3
   1.000E-06 1.501489 0.0005722319   4   3
   1.200E-06 1.491815 0.0005153477   5   3
   1.400E-06 1.482140 0.0005117704   6   3
   1.600E-06 1.481954 0.0005093289   7   3
   1.800E-06 1.472187 0.0005011658   8   3
   2.000E-06 1.471908 0.0005465072   9   3
   2.200E-06 1.461908 0.0005092575  10   3
   2.600E-06 1.449862 0.0011009136  11   3
   3.000E-06 1.454907 0.0145365479  12   3
   3.200E-06 1.442720 0.0066481566  13   3
   3.400E-06 1.432395 0.0037468542  14   3
   3.600E-06 1.425046 0.0035745924  15   3
   4.000E-06 1.413930 0.0040281814  16   3
   5.000E-06 1.390791 0.0043913776  17   3
   5.990E-06 1.362177 0.0085992454  18   3
   6.990E-06 1.322739 0.0053016469  19   3
   7.990E-06 1.186129 0.0483136009  20   3
   8.990E-06 1.155227 0.4795542160  21   3
   9.990E-06 1.679519 0.1806573196  22   3
  10.490E-06 1.556895 0.0612297297  23   3
  11.990E-06 1.457132 0.0425987533  24   3
  13.490E-06 1.451578 0.0426301579  25   3
  14.990E-06 1.449229 0.0339644946  26   3
   0.200E-06 1.539423 0.0046566204   1   4
   0.400E-06 1.512225 0.0046566130   2   4
   0.600E-06 1.507088 0.0020489104   3   4
   1.000E-06 1.497432 0.0005589920   4   4
   1.200E-06 1.487912 0.0005035934   5   4
   1.400E-06 1.478393 0.0005030784   6   4
   1.600E-06 1.478118 0.0004994728   7   4
   1.800E-06 1.468462 0.0004921856   8   4
   2.000E-06 1.468050 0.0005591461   9   4
   2.200E-06 1.458050 0.0005041355  10   4
   2.600E-06 1.445028 0.0011490300  11   4
   3.000E-06 1.452956 0.0205140603  12   4
   3.200E-06 1.443541 0.0086260263  13   4
   3.400E-06 1.432107 0.0041029594  14   4
   3.600E-06 1.424115 0.0036101585  15   4
   4.000E-06 1.412467 0.0040416185  16   4
   5.000E-06 1.389261 0.0045779892  17   4
   5.990E-06 1.359878 0.0107921973  18   4
   6.990E-06 1.322615 0.0059222811  19   4
   7.990E-06 1.188575 0.0479863212  20   4
   8.990E-06 1.157719 0.4693287185  21   4
   9.990E-06 1.668801 0.1776330859  22   4
  10.490E-06 1.548263 0.0613392664  23   4
  11.990E-06 1.449090 0.0462218913  24   4
  13.490E-06 1.445179 0.0496059180  25   4
  14.990E-06 1.445047 0.0425300894  26   4
   0.200E-06 1.536114 0.0045491667   1   5
   0.400E-06 1.508228 0.0045491570   2   5
   0.600E-06 1.503048 0.0020016300   3   5
   1.000E-06 1.493499 0.0005461594   4   5
   1.200E-06 1.484130 0.0004922007   5   5
   1.400E-06 1.474761 0.0004946538   6   5
   1.600E-06 1.474400 0.0004899200   7   5
   1.800E-06 1.464851 0.0004834817   8   5
   2.000E-06 1.464310 0.0005713961   9   5
   2.200E-06 1.454310 0.0004991710  10   5
   2.600E-06 1.440343 0.0011956659  11   5
   3.000E-06 1.451065 0.0263076585  12   5
   3.200E-06 1.444336 0.0105430415  13   5
   3.400E-06 1.431827 0.0044481081  14   5
   3.600E-06 1.423212 0.0036446304  15   5
   4.000E-06 1.411048 0.0040546421  16   5
   5.000E-06 1.387778 0.0047588591  17   5
   5.990E-06 1.357649 0.0129176772  18   5
   6.990E-06 1.322495 0.0065238198  19   5
   7.990E-06 1.190945 0.0476691110  20   5
   8.990E-06 1.160134 0.4594178359  21   5
   9.990E-06 1.658412 0.1747019009  22   5
  10.490E-06 1.539897 0.0614454330  23   5
  11.990E-06 1.441295 0.0497335536  24   5
  13.490E-06 1.438977 0.0563670500  25   5
  14.990E-06 1.440994 0.0508321406  26   5
   0.200E-06 1.533698 0.0044707365   1   6
   0.400E-06 1.505310 0.0044707250   2   6
   0.600E-06 1.500099 0.0019671200   3   6
   1.000E-06 1.490628 0.0005367929   4   6
   1.200E-06 1.481369 0.0004838851   5   6
   1.400E-06 1.472110 0.0004885048   6   6
   1.600E-06 1.471687 0.0004829474   7   6
   1.800E-06 1.462216 0.0004771287   8   6
   2.000E-06 1.461581 0.0005803373   9   6
   2.200E-06 1.451581 0.0004955474  10   6
   2.600E-06 1.436923 0.0012297054  11   6
   3.000E-06 1.449684 0.0305363980  12   6
   3.200E-06 1.444916 0.0119422683  13   6
   3.400E-06 1.431623 0.0047000317  14   6
   3.600E-06 1.422554 0.0036697914  15   6
   4.000E-06 1.410013 0.0040641481  16   6
   5.000E-06 1.386696 0.0048908759  17   6
   5.990E-06 1.356022 0.0144690621  18   6
   6.990E-06 1.322407 0.0069628821  19   6
   7.990E-06 1.192675 0.0474375798  20   6
   8.990E-06 1.161898 0.4521838959  21   6
   9.990E-06 1.650829 0.1725624329  22   6
  10.490E-06 1.533790 0.0615229238  23   6
  11.990E-06 1.435606 0.0522967113  24   6
  13.490E-06 1.434450 0.0613019913  25   6
  14.990E-06 1.438035 0.0568917967  26   6
   0.200E-06 1.530563 0.0043689425   1   7
   0.400E-06 1.501524 0.0043689288   2   7
   0.600E-06 1.496271 0.0019223299   3   7
   1.000E-06 1.486902 0.0005246361   4   7
   1.200E-06 1.477786 0.0004730925   5   7
   1.400E-06 1.468669 0.0004805240   6   7
   1.600E-06 1.468164 0.0004738977   7   7
   1.800E-06 1.458796 0.0004688832   8   7
   2.000E-06 1.458038 0.0005919421   9   7
   2.200E-06 1.448038 0.0004908445  10   7
   2.600E-06 1.432485 0.0012738849  11   7
   3.000E-06 1.447893 0.0360248436  12   7
   3.200E-06 1.445669 0.0137583131  13   7
   3.400E-06 1.431359 0.0050270012  14   7
   3.600E-06 1.421699 0.0037024476  15   7
   4.000E-06 1.408669 0.0040764858  16   7
   5.000E-06 1.385291 0.0050622193  17   7
   5.990E-06 1.353911 0.0164825915  18   7
   6.990E-06 1.322293 0.0075327374  19   7
   7.990E-06 1.194921 0.0471370773  20   7
   8.990E-06 1.164186 0.4427950258  21   7
   9.990E-06 1.640988 0.1697856353  22   7
  10.490E-06 1.525864 0.0616234985  23   7
  11.990E-06 1.428222 0.0556234121  24   7
  13.490E-06 1.428574 0.0677070102  25   7
  14.990E-06 1.434195 0.0647565736  26   7
   0.200E-06 1.527522 0.0042702156   1   8
   0.400E-06 1.497851 0.0042701998   2   8
   0.600E-06 1.492559 0.0018788893   3   8
   1.000E-06 1.483289 0.0005128457   4   8
   1.200E-06 1.474311 0.0004626250   5   8
   1.400E-06 1.465332 0.0004727836   6   8
   1.600E-06 1.464748 0.0004651207   7   8
   1.800E-06 1.455478 0.0004608861   8   8
   2.000E-06 1.454602 0.0006031972   9   8
   2.200E-06 1.444602 0.0004862832  10   8
   2.600E-06 1.428180 0.0013167333  11   8
   3.000E-06 1.446155 0.0413479203  12   8
   3.200E-06 1.446400 0.0155196398  13   8
   3.400E-06 1.431102 0.0053441190  14   8
   3.600E-06 1.420869 0.0037341199  15   8
   4.000E-06 1.407366 0.0040884518  16   8
   5.000E-06 1.383928 0.0052284000  17   8
   5.990E-06 1.351863 0.0184354526  18   8
   6.990E-06 1.322182 0.0080854228  19   8
   7.990E-06 1.197099 0.0468456291  20   8
   8.990E-06 1.166405 0.4336890460  21   8
   9.990E-06 1.631442 0.1670925036  22   8
  10.490E-06 1.518177 0.0617210428  23   8
  11.990E-06 1.421060 0.0588498783  24   8
  13.490E-06 1.422875 0.0739190435  25   8
  14.990E-06 1.430471 0.0723843818  26   8
   0.200E-06 1.524572 0.0041744411   1   9
   0.400E-06 1.494288 0.0041744233   2   9
   0.600E-06 1.488958 0.0018367479   3   9
   1.000E-06 1.479783 0.0005014079   4   9
   1.200E-06 1.470939 0.0004524706   5   9
   1.400E-06 1.462095 0.0004652747   6   9
   1.600E-06 1.461435 0.0004566062   7   9
   1.800E-06 1.452260 0.0004531282   8   9
   2.000E-06 1.451269 0.0006141157   9   9
   2.200E-06 1.441269 0.0004818583  10   9
   2.600E-06 1.424004 0.0013583004  11   9
   3.000E-06 1.444469 0.0465118097  12   9
   3.200E-06 1.447109 0.0172282937  13   9
   3.400E-06 1.430853 0.0056517533  14   9
   3.600E-06 1.420065 0.0037648451  15   9
   4.000E-06 1.406102 0.0041000599  16   9
   5.000E-06 1.382607 0.0053896112  17   9
   5.990E-06 1.349877 0.0203299131  18   9
   6.990E-06 1.322075 0.0086215800  19   9
   7.990E-06 1.199212 0.0465628966  20   9
   8.990E-06 1.168558 0.4248553816  21   9
   9.990E-06 1.622183 0.1644799104  22   9
  10.490E-06 1.510720 0.0618156700  23   9
  11.990E-06 1.414112 0.0619798565  24   9
  13.490E-06 1.417347 0.0799453051  25   9
  14.990E-06 1.426859 0.0797840794  26   9
   0.200E-06 1.523130 0.0041276266   1  10
   0.400E-06 1.492546 0.0041276077   2  10
   0.600E-06 1.487198 0.0018161491   3  10
   1.000E-06 1.478070 0.0004958171   4  10
   1.200E-06 1.469291 0.0004475071   5  10
   1.400E-06 1.460513 0.0004616044   6  10
   1.600E-06 1.459815 0.0004524443   7  10
   1.800E-06 1.450687 0.0004493362   8  10
   2.000E-06 1.449640 0.0006194527   9  10
   2.200E-06 1.439640 0.0004796954  10  10
   2.600E-06 1.421963 0.0013786183  11  10
   3.000E-06 1.443645 0.0490359153  12  10
   3.200E-06 1.447455 0.0180634826  13  10
   3.400E-06 1.430731 0.0058021247  14  10
   3.600E-06 1.419671 0.0037798635  15  10
   4.000E-06 1.405484 0.0041057339  16  10
   5.000E-06 1.381960 0.0054684110  17  10
   5.990E-06 1.348906 0.0212559241  18  10
   6.990E-06 1.322022 0.0088836533  19  10
   7.990E-06 1.200244 0.0464246972  20  10
   8.990E-06 1.169611 0.4205374926  21  10
   9.990E-06 1.617657 0.1632028766  22  10
  10.490E-06 1.507075 0.0618619238  23  10
  11.990E-06 1.410716 0.0635097877  24  10
  13.490E-06 1.414645 0.0828909376  25  10
  14.990E-06 1.425093 0.0834010464  26  10
   0.200E-06 1.521709 0.0040815095   1  11
   0.400E-06 1.490831 0.0040814897   2  11
   0.600E-06 1.485464 0.0017958573   3  11
   1.000E-06 1.476382 0.0004903096   4  11
   1.200E-06 1.467668 0.0004426176   5  11
   1.400E-06 1.458954 0.0004579887   6  11
   1.600E-06 1.458219 0.0004483444   7  11
   1.800E-06 1.449138 0.0004456006   8  11
   2.000E-06 1.448035 0.0006247102   9  11
   2.200E-06 1.438035 0.0004775648  10  11
   2.600E-06 1.419952 0.0013986336  11  11
   3.000E-06 1.442834 0.0515224183  12  11
   3.200E-06 1.447796 0.0188862293  13  11
   3.400E-06 1.430611 0.0059502560  14  11
   3.600E-06 1.419284 0.0037946582  15  11
   4.000E-06 1.404875 0.0041113234  16  11
   5.000E-06 1.381324 0.0055460370  17  11
   5.990E-06 1.347950 0.0221681399  18  11
   6.990E-06 1.321971 0.0091418224  19  11
   7.990E-06 1.201262 0.0462885566  20  11
   8.990E-06 1.170648 0.4162839289  21  11
   9.990E-06 1.613198 0.1619448674  22  11
  10.490E-06 1.503484 0.0619074884  23  11
  11.990E-06 1.407371 0.0650169269  24  11
  13.490E-06 1.411983 0.0857926879  25  11
  14.990E-06 1.423353 0.0869641301  26  11
   0.200E-06 1.520310 0.0040360769   1  12
   0.400E-06 1.489141 0.0040360561   2  12
   0.600E-06 1.483755 0.0017758666   3  12
   1.000E-06 1.474719 0.0004848838   4  12
   1.200E-06 1.466069 0.0004378007   5  12
   1.400E-06 1.457418 0.0004544267   6  12
   1.600E-06 1.456647 0.0004443053   7  12
   1.800E-06 1.447611 0.0004419205   8  12
   2.000E-06 1.446454 0.0006298896   9  12
   2.200E-06 1.436454 0.0004754657  10  12
   2.600E-06 1.417972 0.0014183517  11  12
   3.000E-06 1.442034 0.0539720163  12  12
   3.200E-06 1.448133 0.0196967648  13  12
   3.400E-06 1.430493 0.0060961888  14  12
   3.600E-06 1.418902 0.0038092333  15  12
   4.000E-06 1.404275 0.0041168300  16  12
   5.000E-06 1.380697 0.0056225109  17  12
   5.990E-06 1.347007 0.0230668165  18  12
   6.990E-06 1.321920 0.0093961597  19  12
   7.990E-06 1.202264 0.0461544366  20  12
   8.990E-06 1.171669 0.4120934971  21  12
   9.990E-06 1.608805 0.1607055296  22  12
  10.490E-06 1.499947 0.0619523768  23  12
  11.990E-06 1.404075 0.0665016969  24  12
  13.490E-06 1.409361 0.0886513700  25  12
  14.990E-06 1.421640 0.0904743300  26  12
