Refractive index for fine mode nitrate from GLOMAP mixed with water from Hale&Querry 1973
Wavelength(m)  Real Part  Imaginary Part  wl_index RH_index
0.200E-06 1.611 1e-08 1 1
0.400E-06 1.611 1e-08 2 1
0.600E-06 1.611 1e-08 3 1
0.800E-06 1.611 9.62979e-08 4 1
1.000E-06 1.611 2.9978e-06 5 1
1.200E-06 1.611 1.0252e-05 6 1
1.400E-06 1.611 0.00016444 7 1
1.600E-06 1.611 0.000370731 8 1
1.800E-06 1.611 0.0012528 9 1
2.000E-06 1.611 0.00185 10 1
2.200E-06 1.56 0.00567 11 1
2.400E-06 1.54 0.00309 12 1
2.600E-06 1.5 0.000884 13 1
2.800E-06 1.44 0.00951 14 1
3.000E-06 1.25 0.209 15 1
3.200E-06 1.55 0.507 16 1
3.400E-06 1.82 0.28 17 1
3.600E-06 1.82 0.123 18 1
3.800E-06 1.75 0.0516 19 1
4.000E-06 1.68 0.0278 20 1
4.200E-06 1.7 0.0575 21 1
4.400E-06 1.65 0.0112 22 1
4.600E-06 1.59 0.0112 23 1
4.800E-06 1.57 0.024 24 1
5.000E-06 1.54 0.031 25 1
5.200E-06 1.52 0.0401 26 1
5.400E-06 1.46 0.0484 27 1
5.490E-06 1.45 0.055 28 1
5.990E-06 1.42 0.13 29 1
6.490E-06 1.17 0.2 30 1
6.990E-06 1.05 1.17 31 1
7.490E-06 2.56 0.925 32 1
7.990E-06 2.28 0.27 33 1
8.490E-06 2.11 0.159 34 1
8.990E-06 2.04 0.116 35 1
9.490E-06 2.02 0.0894 36 1
9.990E-06 1.95 0.0636 37 1
10.490E-06 1.93 0.053 38 1
11.990E-06 1.57 0.075 39 1
13.490E-06 1.89 0.028 40 1
14.990E-06 1.89 0 41 1
16.490E-06 1.85 0.0132 42 1
17.990E-06 1.81 0.0145 43 1
19.490E-06 1.82 0.0424 44 1
20.990E-06 1.85 0.037 45 1
22.490E-06 1.85 0.031 46 1
23.990E-06 1.85 0.025 47 1
25.490E-06 1.85 0.0136 48 1
26.990E-06 1.85 0.0131 49 1
28.490E-06 1.85 0.0129 50 1
29.990E-06 1.85 0.0127 51 1
31.490E-06 1.85 0.0126 52 1
41.490E-06 1.85 0.0125 53 1
51.490E-06 1.85 0.0124 54 1
0.200E-06 1.611 1e-08 1 2
0.400E-06 1.611 1e-08 2 2
0.600E-06 1.611 1e-08 3 2
0.800E-06 1.611 9.62979e-08 4 2
1.000E-06 1.611 2.9978e-06 5 2
1.200E-06 1.611 1.0252e-05 6 2
1.400E-06 1.611 0.00016444 7 2
1.600E-06 1.611 0.000370731 8 2
1.800E-06 1.611 0.0012528 9 2
2.000E-06 1.611 0.00185 10 2
2.200E-06 1.56 0.00567 11 2
2.400E-06 1.54 0.00309 12 2
2.600E-06 1.5 0.000884 13 2
2.800E-06 1.44 0.00951 14 2
3.000E-06 1.25 0.209 15 2
3.200E-06 1.55 0.507 16 2
3.400E-06 1.82 0.28 17 2
3.600E-06 1.82 0.123 18 2
3.800E-06 1.75 0.0516 19 2
4.000E-06 1.68 0.0278 20 2
4.200E-06 1.7 0.0575 21 2
4.400E-06 1.65 0.0112 22 2
4.600E-06 1.59 0.0112 23 2
4.800E-06 1.57 0.024 24 2
5.000E-06 1.54 0.031 25 2
5.200E-06 1.52 0.0401 26 2
5.400E-06 1.46 0.0484 27 2
5.490E-06 1.45 0.055 28 2
5.990E-06 1.42 0.13 29 2
6.490E-06 1.17 0.2 30 2
6.990E-06 1.05 1.17 31 2
7.490E-06 2.56 0.925 32 2
7.990E-06 2.28 0.27 33 2
8.490E-06 2.11 0.159 34 2
8.990E-06 2.04 0.116 35 2
9.490E-06 2.02 0.0894 36 2
9.990E-06 1.95 0.0636 37 2
10.490E-06 1.93 0.053 38 2
11.990E-06 1.57 0.075 39 2
13.490E-06 1.89 0.028 40 2
14.990E-06 1.89 0 41 2
16.490E-06 1.85 0.0132 42 2
17.990E-06 1.81 0.0145 43 2
19.490E-06 1.82 0.0424 44 2
20.990E-06 1.85 0.037 45 2
22.490E-06 1.85 0.031 46 2
23.990E-06 1.85 0.025 47 2
25.490E-06 1.85 0.0136 48 2
26.990E-06 1.85 0.0131 49 2
28.490E-06 1.85 0.0129 50 2
29.990E-06 1.85 0.0127 51 2
31.490E-06 1.85 0.0126 52 2
41.490E-06 1.85 0.0125 53 2
51.490E-06 1.85 0.0124 54 2
0.200E-06 1.611 1e-08 1 3
0.400E-06 1.611 1e-08 2 3
0.600E-06 1.611 1e-08 3 3
0.800E-06 1.611 9.62979e-08 4 3
1.000E-06 1.611 2.9978e-06 5 3
1.200E-06 1.611 1.0252e-05 6 3
1.400E-06 1.611 0.00016444 7 3
1.600E-06 1.611 0.000370731 8 3
1.800E-06 1.611 0.0012528 9 3
2.000E-06 1.611 0.00185 10 3
2.200E-06 1.56 0.00567 11 3
2.400E-06 1.54 0.00309 12 3
2.600E-06 1.5 0.000884 13 3
2.800E-06 1.44 0.00951 14 3
3.000E-06 1.25 0.209 15 3
3.200E-06 1.55 0.507 16 3
3.400E-06 1.82 0.28 17 3
3.600E-06 1.82 0.123 18 3
3.800E-06 1.75 0.0516 19 3
4.000E-06 1.68 0.0278 20 3
4.200E-06 1.7 0.0575 21 3
4.400E-06 1.65 0.0112 22 3
4.600E-06 1.59 0.0112 23 3
4.800E-06 1.57 0.024 24 3
5.000E-06 1.54 0.031 25 3
5.200E-06 1.52 0.0401 26 3
5.400E-06 1.46 0.0484 27 3
5.490E-06 1.45 0.055 28 3
5.990E-06 1.42 0.13 29 3
6.490E-06 1.17 0.2 30 3
6.990E-06 1.05 1.17 31 3
7.490E-06 2.56 0.925 32 3
7.990E-06 2.28 0.27 33 3
8.490E-06 2.11 0.159 34 3
8.990E-06 2.04 0.116 35 3
9.490E-06 2.02 0.0894 36 3
9.990E-06 1.95 0.0636 37 3
10.490E-06 1.93 0.053 38 3
11.990E-06 1.57 0.075 39 3
13.490E-06 1.89 0.028 40 3
14.990E-06 1.89 0 41 3
16.490E-06 1.85 0.0132 42 3
17.990E-06 1.81 0.0145 43 3
19.490E-06 1.82 0.0424 44 3
20.990E-06 1.85 0.037 45 3
22.490E-06 1.85 0.031 46 3
23.990E-06 1.85 0.025 47 3
25.490E-06 1.85 0.0136 48 3
26.990E-06 1.85 0.0131 49 3
28.490E-06 1.85 0.0129 50 3
29.990E-06 1.85 0.0127 51 3
31.490E-06 1.85 0.0126 52 3
41.490E-06 1.85 0.0125 53 3
51.490E-06 1.85 0.0124 54 3
0.200E-06 1.611 1e-08 1 4
0.400E-06 1.611 1e-08 2 4
0.600E-06 1.611 1e-08 3 4
0.800E-06 1.611 9.62979e-08 4 4
1.000E-06 1.611 2.9978e-06 5 4
1.200E-06 1.611 1.0252e-05 6 4
1.400E-06 1.611 0.00016444 7 4
1.600E-06 1.611 0.000370731 8 4
1.800E-06 1.611 0.0012528 9 4
2.000E-06 1.611 0.00185 10 4
2.200E-06 1.56 0.00567 11 4
2.400E-06 1.54 0.00309 12 4
2.600E-06 1.5 0.000884 13 4
2.800E-06 1.44 0.00951 14 4
3.000E-06 1.25 0.209 15 4
3.200E-06 1.55 0.507 16 4
3.400E-06 1.82 0.28 17 4
3.600E-06 1.82 0.123 18 4
3.800E-06 1.75 0.0516 19 4
4.000E-06 1.68 0.0278 20 4
4.200E-06 1.7 0.0575 21 4
4.400E-06 1.65 0.0112 22 4
4.600E-06 1.59 0.0112 23 4
4.800E-06 1.57 0.024 24 4
5.000E-06 1.54 0.031 25 4
5.200E-06 1.52 0.0401 26 4
5.400E-06 1.46 0.0484 27 4
5.490E-06 1.45 0.055 28 4
5.990E-06 1.42 0.13 29 4
6.490E-06 1.17 0.2 30 4
6.990E-06 1.05 1.17 31 4
7.490E-06 2.56 0.925 32 4
7.990E-06 2.28 0.27 33 4
8.490E-06 2.11 0.159 34 4
8.990E-06 2.04 0.116 35 4
9.490E-06 2.02 0.0894 36 4
9.990E-06 1.95 0.0636 37 4
10.490E-06 1.93 0.053 38 4
11.990E-06 1.57 0.075 39 4
13.490E-06 1.89 0.028 40 4
14.990E-06 1.89 0 41 4
16.490E-06 1.85 0.0132 42 4
17.990E-06 1.81 0.0145 43 4
19.490E-06 1.82 0.0424 44 4
20.990E-06 1.85 0.037 45 4
22.490E-06 1.85 0.031 46 4
23.990E-06 1.85 0.025 47 4
25.490E-06 1.85 0.0136 48 4
26.990E-06 1.85 0.0131 49 4
28.490E-06 1.85 0.0129 50 4
29.990E-06 1.85 0.0127 51 4
31.490E-06 1.85 0.0126 52 4
41.490E-06 1.85 0.0125 53 4
51.490E-06 1.85 0.0124 54 4
0.200E-06 1.611 1e-08 1 5
0.400E-06 1.611 1e-08 2 5
0.600E-06 1.611 1e-08 3 5
0.800E-06 1.611 9.62979e-08 4 5
1.000E-06 1.611 2.9978e-06 5 5
1.200E-06 1.611 1.0252e-05 6 5
1.400E-06 1.611 0.00016444 7 5
1.600E-06 1.611 0.000370731 8 5
1.800E-06 1.611 0.0012528 9 5
2.000E-06 1.611 0.00185 10 5
2.200E-06 1.56 0.00567 11 5
2.400E-06 1.54 0.00309 12 5
2.600E-06 1.5 0.000884 13 5
2.800E-06 1.44 0.00951 14 5
3.000E-06 1.25 0.209 15 5
3.200E-06 1.55 0.507 16 5
3.400E-06 1.82 0.28 17 5
3.600E-06 1.82 0.123 18 5
3.800E-06 1.75 0.0516 19 5
4.000E-06 1.68 0.0278 20 5
4.200E-06 1.7 0.0575 21 5
4.400E-06 1.65 0.0112 22 5
4.600E-06 1.59 0.0112 23 5
4.800E-06 1.57 0.024 24 5
5.000E-06 1.54 0.031 25 5
5.200E-06 1.52 0.0401 26 5
5.400E-06 1.46 0.0484 27 5
5.490E-06 1.45 0.055 28 5
5.990E-06 1.42 0.13 29 5
6.490E-06 1.17 0.2 30 5
6.990E-06 1.05 1.17 31 5
7.490E-06 2.56 0.925 32 5
7.990E-06 2.28 0.27 33 5
8.490E-06 2.11 0.159 34 5
8.990E-06 2.04 0.116 35 5
9.490E-06 2.02 0.0894 36 5
9.990E-06 1.95 0.0636 37 5
10.490E-06 1.93 0.053 38 5
11.990E-06 1.57 0.075 39 5
13.490E-06 1.89 0.028 40 5
14.990E-06 1.89 0 41 5
16.490E-06 1.85 0.0132 42 5
17.990E-06 1.81 0.0145 43 5
19.490E-06 1.82 0.0424 44 5
20.990E-06 1.85 0.037 45 5
22.490E-06 1.85 0.031 46 5
23.990E-06 1.85 0.025 47 5
25.490E-06 1.85 0.0136 48 5
26.990E-06 1.85 0.0131 49 5
28.490E-06 1.85 0.0129 50 5
29.990E-06 1.85 0.0127 51 5
31.490E-06 1.85 0.0126 52 5
41.490E-06 1.85 0.0125 53 5
51.490E-06 1.85 0.0124 54 5
0.200E-06 1.58172508368427 2.36162401468524e-08 1 6
0.400E-06 1.57396382680056 8.89163805204621e-09 2 6
0.600E-06 1.57301068999028 1.01225461613217e-08 3 6
0.800E-06 1.57260220278588 1.0020604686319e-07 4 6
1.000E-06 1.57232987798294 2.98312169312169e-06 5 6
1.200E-06 1.57192139077853 1.04886502537523e-05 6 6
1.400E-06 1.57151290357413 0.000163426951733074 7 6
1.600E-06 1.57096825396825 0.000332941712558039 8 6
1.800E-06 1.57028744196091 0.00110073383003995 9 6
2.000E-06 1.5694704675521 0.00174651657488392 10 6
2.200E-06 1.52405312601231 0.00494398207536983 11 6
2.400E-06 1.50446161321672 0.00279425526401037 12 6
2.600E-06 1.46487010042112 0.00110676168880251 13 6
2.800E-06 1.39942360436238 0.0247996760609006 14 6
3.000E-06 1.26647565057769 0.2175210430839 15 6
3.200E-06 1.54019630709427 0.450451754670122 16 6
3.400E-06 1.76553503941259 0.244469782960803 17 6
3.600E-06 1.76076935536119 0.106946997516467 18 6
3.800E-06 1.69744131303315 0.0450369722492171 19 6
4.000E-06 1.63520256991686 0.0246418492603391 20 6
4.200E-06 1.65125386027427 0.0506129057337221 21 6
4.400E-06 1.60697268113595 0.0110910700788252 22 6
4.600E-06 1.55459777561818 0.011671394233884 23 6
4.800E-06 1.53732102364755 0.0227690918907245 24 6
5.000E-06 1.51072508368427 0.0284695579311089 25 6
5.200E-06 1.49235903250189 0.0360151279559443 26 6
5.400E-06 1.43889482777238 0.043217659000108 27 6
5.490E-06 1.42939862865781 0.0490755739121045 28 6
5.990E-06 1.39866335168988 0.126309998920203 29 6
6.490E-06 1.19312037576936 0.17819767627686 30 6
6.990E-06 1.08640982615268 1.0150458255048 31 6
7.490E-06 2.38902087247597 0.803481864809416 32 6
7.990E-06 2.14537623366807 0.237898352229781 33 6
8.490E-06 1.99675373069863 0.14232419069215 34 6
8.990E-06 1.93412011661808 0.105629871504157 35 6
9.490E-06 1.91425627901954 0.0832454594536227 36 6
9.990E-06 1.85041081956592 0.0618312504049239 37 6
10.490E-06 1.82865432458698 0.0547619414750027 38 6
11.990E-06 1.50754230644639 0.0918024403412159 39 6
13.490E-06 1.79283451031206 0.0708366915019977 40 6
14.990E-06 1.80549761364863 0.0547781341107872 41 6
16.490E-06 1.78198688046647 0.0695317471115431 42 6
17.990E-06 1.75725068567109 0.0704477691394018 43 6
19.490E-06 1.77311928517439 0.0917316380520463 44 6
20.990E-06 1.80055943202678 0.0839487960263471 45 6
22.490E-06 1.80321459885542 0.0768349875823345 46 6
23.990E-06 1.80518895367671 0.0690008800345535 47 6
25.490E-06 1.80709522729727 0.056586470143613 48 6
26.990E-06 1.80845685131195 0.0535538494762985 49 6
28.490E-06 1.80915127955944 0.0511616348126552 50 6
29.990E-06 1.80928744196091 0.049327685995033 51 6
31.490E-06 1.80878364107548 0.0489417449519491 52 6
41.490E-06 1.80522980239715 0.060660641399417 53 6
51.490E-06 1.81654489795918 0.0777443364647447 54 6
0.200E-06 1.55753268219384 3.48685199098422e-08 1 7
0.400E-06 1.54335762584523 7.97570247933884e-09 2 7
0.600E-06 1.54161682945154 1.02238166791886e-08 3 7
0.800E-06 1.54087077385424 1.03435687453043e-07 4 7
1.000E-06 1.54037340345605 2.97099173553719e-06 5 7
1.200E-06 1.53962734785875 1.06842148760331e-05 6 7
1.400E-06 1.53888129226146 0.000162589782118708 7 7
1.600E-06 1.53788655146506 0.000301713148009016 8 7
1.800E-06 1.53664312546957 0.000975068369646882 9 7
2.000E-06 1.53515101427498 0.0016609992486852 10 7
2.200E-06 1.49434710743802 0.00434401051840721 11 7
2.400E-06 1.47509316303531 0.00254985574755823 12 7
2.600E-06 1.43583921863261 0.00129084898572502 13 7
2.800E-06 1.36589181066867 0.0374348610067619 14 7
3.000E-06 1.28009090909091 0.224562719759579 15 7
3.200E-06 1.53209466566491 0.403721036814425 16 7
3.400E-06 1.72052592036063 0.215108084147258 17 7
3.600E-06 1.71182193839219 0.0936810097670924 18 7
3.800E-06 1.65400751314801 0.039613373403456 19 7
4.000E-06 1.59818256949662 0.0220319954921112 20 7
4.200E-06 1.61097069872276 0.0449215026296018 21 7
4.400E-06 1.5714154770849 0.0110010518407213 22 7
4.600E-06 1.52534184823441 0.0120609481592787 23 7
4.800E-06 1.51031555221638 0.0217518858001503 24 7
5.000E-06 1.48653268219384 0.0263784342599549 25 7
5.200E-06 1.46951690458302 0.0326394440270473 26 7
5.400E-06 1.42145379413974 0.038935041322314 27 7
5.490E-06 1.41237392937641 0.0441797069872276 28 7
5.990E-06 1.38103102930128 0.123260631104433 29 7
6.490E-06 1.21222674680691 0.160180525920361 30 7
6.990E-06 1.11649842223892 0.886993756574004 31 7
7.490E-06 2.24772599549211 0.703060894064613 32 7
7.990E-06 2.03412494365139 0.211369977460556 33 7
8.490E-06 1.90316851990984 0.128543523666416 34 7
8.990E-06 1.84662238918107 0.0970601352366642 35 7
9.490E-06 1.82687107438017 0.0781594290007513 36 7
9.990E-06 1.76811164537941 0.0603695792637115 37 7
10.490E-06 1.74490360631104 0.0562179864763336 38 7
11.990E-06 1.45592809917355 0.105687753568745 39 7
13.490E-06 1.71253824192337 0.106236363636364 40 7
14.990E-06 1.73566596543952 0.100046055597295 41 7
16.490E-06 1.72578174305034 0.116083553719008 42 7
17.990E-06 1.71365935386927 0.116682261457551 43 7
19.490E-06 1.73437768595041 0.132498647633358 44 7
20.990E-06 1.75970240420736 0.122746656649136 45 7
22.490E-06 1.76455176558978 0.114712411720511 46 7
23.990E-06 1.76815770097671 0.105362622088655 47 7
25.490E-06 1.77163929376409 0.092109917355372 48 7
26.990E-06 1.77412614575507 0.0869843726521413 49 7
28.490E-06 1.77539444027047 0.0827805409466567 50 7
29.990E-06 1.77564312546957 0.0795963185574756 51 7
31.490E-06 1.77472299023291 0.078974079639369 52 7
41.490E-06 1.76823230653644 0.100459954921112 53 7
51.490E-06 1.78889804658152 0.131744027047333 54 7
0.200E-06 1.53736598997288 4.42483767568012e-08 1 8
0.400E-06 1.5178444152215 7.21218213199639e-09 2 8
0.600E-06 1.51544702884852 1.03082353908112e-08 3 8
0.800E-06 1.51441957754582 1.06127903345114e-07 4 8
1.000E-06 1.51373461001068 2.96088024985617e-06 5 8
1.200E-06 1.51270715870798 1.08472367880332e-05 6 8
1.400E-06 1.51167970740528 0.000161891920769294 7 8
1.600E-06 1.510309772335 0.000275681137503082 8 8
1.800E-06 1.50859735349716 0.000870314128380045 9 8
2.000E-06 1.50654245089176 0.00158971233664831 10 8
2.200E-06 1.46958428536205 0.00384387655132736 11 8
2.400E-06 1.45061173666475 0.00234612525684228 12 8
2.600E-06 1.41163918796745 0.00144430344374127 13 8
2.800E-06 1.33793983726473 0.047967502260212 14 8
3.000E-06 1.29144053587573 0.230432634174406 15 8
3.200E-06 1.5253411687351 0.364766491329005 16 8
3.400E-06 1.6830064929728 0.190632285690803 17 8
3.600E-06 1.67101956110792 0.0826225337388017 18 8
3.800E-06 1.61780126571875 0.0350922824032218 19 8
4.000E-06 1.56732284047012 0.0198564314950275 20 8
4.200E-06 1.57739081121065 0.04017717103641 21 8
4.400E-06 1.54177512944851 0.0109260129859456 22 8
4.600E-06 1.50095422043232 0.0123856788033205 23 8
4.800E-06 1.48780389578368 0.0209039467411852 24 8
5.000E-06 1.46636598997288 0.0246352816635161 25 8
5.200E-06 1.45047579518369 0.0298254869729597 26 8
5.400E-06 1.40691501602696 0.0353650678063615 27 8
5.490E-06 1.39818220596696 0.0400985312731158 28 8
5.990E-06 1.36633279362209 0.120718689898907 29 8
6.490E-06 1.22815374373305 0.14516149913701 30 8
6.990E-06 1.14158015944769 0.780250047669927 31 8
7.490E-06 2.12994313306485 0.619350361633928 32 8
7.990E-06 1.94138629900551 0.189256026958166 33 8
8.490E-06 1.82515625051368 0.117056012985946 34 8
8.990E-06 1.77368462233911 0.0899164362620202 35 8
9.490E-06 1.75402710610668 0.0739197337059259 36 8
9.990E-06 1.69950737240076 0.0591511358592915 37 8
10.490E-06 1.67508933179913 0.0574317399523301 38 8
11.990E-06 1.41290269581655 0.117262496917893 39 8
13.490E-06 1.64560358346347 0.135745393276896 40 8
14.990E-06 1.67745457384729 0.137781219692611 41 8
16.490E-06 1.67892935809978 0.154888959480562 42 8
17.990E-06 1.67732178844415 0.15522315525602 43 8
19.490E-06 1.70208283882633 0.166481868989891 44 8
20.990E-06 1.72564414399606 0.15508840305745 45 8
22.490E-06 1.73232257746363 0.146286885838744 46 8
23.990E-06 1.73728859209337 0.135673629489603 47 8
25.490E-06 1.74208336483932 0.121722125421221 48 8
26.990E-06 1.745508202515 0.114851927344456 49 8
28.490E-06 1.7472548697296 0.109137938686611 50 8
29.990E-06 1.74759735349716 0.104828133475795 51 8
31.490E-06 1.74633016355716 0.104008917563902 52 8
41.490E-06 1.73739133722364 0.133636508588806 53 8
51.490E-06 1.76585173830854 0.176757960055889 54 8
0.200E-06 1.50347979379877 6.00093982331322e-08 1 9
0.400E-06 1.47497443680588 5.92923498382304e-09 2 9
0.600E-06 1.47147377892956 1.04500845840982e-08 3 9
0.800E-06 1.46997349698257 1.10651647490272e-07 4 9
1.000E-06 1.4689733090179 2.94388986870468e-06 5 9
1.200E-06 1.46747302707091 1.11211633412918e-05 6 9
1.400E-06 1.46597274512392 0.000160719300771455 7 9
1.600E-06 1.46397236919459 0.000231939416989606 8 9
1.800E-06 1.46147189928293 0.00069429504053238 9 9
2.000E-06 1.45847133538895 0.0014699285734282 10 9
2.200E-06 1.42797518866453 0.00300349888620939 11 9
2.400E-06 1.40947547061152 0.00200379587037637 12 9
2.600E-06 1.37097575255852 0.00170215375509404 13 9
2.800E-06 1.29097199326527 0.0656655532759841 14 9
3.000E-06 1.31051137186209 0.240295881414294 15 9
3.200E-06 1.51399323327214 0.299310969137802 16 9
3.400E-06 1.61996240706747 0.149505476250465 17 9
3.600E-06 1.60245911768587 0.0640409198590665 18 9
3.800E-06 1.55696372282011 0.0274954700516303 19 9
4.000E-06 1.515469079813 0.0162008201738073 20 9
4.200E-06 1.52096635432539 0.0322052463736817 21 9
4.400E-06 1.4919703015833 0.0107999248141349 22 9
4.600E-06 1.45997556459386 0.012931325366831 23 9
4.800E-06 1.44997744424048 0.0194791503997249 24 9
5.000E-06 1.43247979379877 0.0217062534323547 25 9
5.200E-06 1.41848092158674 0.0250971805300603 26 9
5.400E-06 1.38248543273865 0.0293664230324699 27 9
5.490E-06 1.37433578047327 0.0332409108287642 28 9
5.990E-06 1.34163527296868 0.116447453078821 29 9
6.490E-06 1.25491595819986 0.119924951549109 30 9
6.990E-06 1.1837251308754 0.600888047167133 31 9
7.490E-06 1.93203198638656 0.478691125468412 32 9
7.990E-06 1.78555707966902 0.152097842725568 33 9
8.490E-06 1.69407183489504 0.097753489983883 34 9
8.990E-06 1.65112691933916 0.0779128423056465 35 9
9.490E-06 1.6316270133215 0.0667957519986243 36 9
9.990E-06 1.58423126132287 0.0571037791695161 37 9
10.490E-06 1.5577800489508 0.0594712161313673 38 9
11.990E-06 1.34060689030462 0.136711597419685 39 9
13.490E-06 1.53313293420837 0.185329566841434 40 9
14.990E-06 1.57964167456518 0.201187809091891 41 9
16.490E-06 1.6002030558255 0.220093881430291 42 9
17.990E-06 1.61626359124485 0.219983616400117 43 9
19.490E-06 1.64781764188333 0.223584049798638 44 9
20.990E-06 1.6684158750155 0.20943240510784 45 9
22.490E-06 1.67816770767096 0.19934163633237 46 9
23.990E-06 1.68541907041476 0.186605370390367 47 9
25.490E-06 1.6924203861674 0.171479670221998 48 9
26.990E-06 1.69742132599071 0.161677922150636 49 9
28.490E-06 1.6999718053006 0.153426409035101 50 9
29.990E-06 1.70047189928294 0.147225281247126 51 9
31.490E-06 1.69862155154831 0.14607508388423 52 9
41.490E-06 1.68556909860946 0.189383241550589 53 9
51.490E-06 1.72712690854119 0.252395102120801 54 9
0.200E-06 1.4743527696793 7.35568513119533e-08 1 10
0.400E-06 1.43812536443149 4.826472303207e-09 2 10
0.600E-06 1.43367638483965 1.05720116618076e-08 3 10
0.800E-06 1.43176967930029 1.14540051020408e-07 4 10
1.000E-06 1.43049854227405 2.92928571428571e-06 5 10
1.200E-06 1.42859183673469 1.13566180758017e-05 6 10
1.400E-06 1.42668513119534 0.000159711370262391 7 10
1.600E-06 1.42414285714286 0.000194341034985423 8 10
1.800E-06 1.42096501457726 0.000542997084548105 9 10
2.000E-06 1.41715160349854 0.00136696793002915 10 10
2.200E-06 1.39220991253644 0.00228114868804665 11 10
2.400E-06 1.3741166180758 0.00170954518950437 12 10
2.600E-06 1.33602332361516 0.00192379008746356 13 10
2.800E-06 1.25060058309038 0.0808779883381924 14 10
3.000E-06 1.32690379008746 0.24877387755102 15 10
3.200E-06 1.50423906705539 0.243048396501458 16 10
3.400E-06 1.56577259475219 0.114154752186589 17 10
3.600E-06 1.543527696793 0.0480690145772595 18 10
3.800E-06 1.50467055393586 0.0209655976676385 19 10
4.000E-06 1.47089795918367 0.0130586239067055 20 10
4.200E-06 1.47246647230321 0.025352944606414 21 10
4.400E-06 1.44916034985423 0.0106915451895044 22 10
4.600E-06 1.42475218658892 0.0134003381924198 23 10
4.800E-06 1.41746355685131 0.0182544606413994 24 10
5.000E-06 1.4033527696793 0.0191885947521866 25 10
5.200E-06 1.39097959183673 0.021032944606414 26 10
5.400E-06 1.36148688046647 0.0242102623906706 27 10
5.490E-06 1.35383848396501 0.0273464139941691 28 10
5.990E-06 1.32040641399417 0.112776093294461 29 10
6.490E-06 1.2779195335277 0.0982327696793003 30 10
6.990E-06 1.21995102040816 0.44671667638484 31 10
7.490E-06 1.7619166180758 0.357786880466472 32 10
7.990E-06 1.65161341107872 0.120158367346939 33 10
8.490E-06 1.58139766763848 0.0811619241982507 34 10
8.990E-06 1.54578192419825 0.0675951020408163 35 10
9.490E-06 1.52641749271137 0.0606723032069971 36 10
9.990E-06 1.48514518950437 0.0553439650145773 37 10
10.490E-06 1.45694635568513 0.0612242565597668 38 10
11.990E-06 1.27846472303207 0.15342915451895 39 10
13.490E-06 1.4364583090379 0.227949854227405 40 10
14.990E-06 1.49556618075802 0.255689212827988 41 10
16.490E-06 1.53253352769679 0.276141049562682 42 10
17.990E-06 1.56378075801749 0.275648746355685 43 10
19.490E-06 1.60117376093294 0.272666472303207 44 10
20.990E-06 1.6192250728863 0.256144023323615 45 10
22.490E-06 1.63161865889213 0.244945072886297 46 10
23.990E-06 1.64083440233236 0.230383965014577 47 10
25.490E-06 1.64973236151604 0.214248979591837 48 10
26.990E-06 1.65608804664723 0.201927405247813 49 10
28.490E-06 1.65932944606414 0.191494752186589 50 10
29.990E-06 1.65996501457726 0.183667930029155 51 10
31.490E-06 1.65761341107872 0.182233236151604 52 10
41.490E-06 1.6410250728863 0.237300583090379 53 10
51.490E-06 1.69384081632653 0.317409329446064 54 10
0.200E-06 1.448490234375 8.55859375e-08 1 11
0.400E-06 1.40540625 3.8473046875e-09 2 11
0.600E-06 1.400115234375 1.06802734375e-08 3 11
0.800E-06 1.39784765625 1.17992651367188e-07 4 11
1.000E-06 1.3963359375 2.916318359375e-06 5 11
1.200E-06 1.394068359375 1.156568359375e-05 6 11
1.400E-06 1.39180078125 0.00015881640625 7 11
1.600E-06 1.38877734375 0.000160956591796875 8 11
1.800E-06 1.384998046875 0.00040865625 9 11
2.000E-06 1.380462890625 0.001275546875 10 11
2.200E-06 1.360453125 0.0016397578125 11 11
2.400E-06 1.342720703125 0.0014482734375 12 11
2.600E-06 1.30498828125 0.0021205859375 13 11
2.800E-06 1.21475390625 0.09438544921875 14 11
3.000E-06 1.341458984375 0.2563016796875 15 11
3.200E-06 1.495578125 0.1930916015625 16 11
3.400E-06 1.51765625 0.0827660546875 17 11
3.600E-06 1.491201171875 0.033887203125 18 11
3.800E-06 1.45823828125 0.015167578125 19 11
4.000E-06 1.431322265625 0.01026859765625 20 11
4.200E-06 1.42940234375 0.0192686328125 21 11
4.400E-06 1.4111484375 0.0105953125 22 11
4.600E-06 1.3934765625 0.01381678515625 23 11
4.800E-06 1.38859375 0.01716703125 24 11
5.000E-06 1.377490234375 0.016953109375 25 11
5.200E-06 1.366560546875 0.01742421875 26 11
5.400E-06 1.342841796875 0.0196319921875 27 11
5.490E-06 1.3356384765625 0.02211255859375 28 11
5.990E-06 1.3015568359375 0.1095162109375 29 11
6.490E-06 1.298344921875 0.078971796875 30 11
6.990E-06 1.252116796875 0.30982447265625 31 11
7.490E-06 1.6108673828125 0.25043330078125 32 11
7.990E-06 1.5326818359375 0.09179859375 33 11
8.490E-06 1.4813517578125 0.06642990234375 34 11
8.990E-06 1.45224375 0.05843375 35 11
9.490E-06 1.432999609375 0.05523515625 36 11
9.990E-06 1.397164453125 0.05378138671875 37 11
10.490E-06 1.3674138671875 0.0627808203125 38 11
11.990E-06 1.2232873046875 0.168273046875 39 11
13.490E-06 1.35061875 0.265793359375 40 11
14.990E-06 1.420913671875 0.3040822265625 41 11
16.490E-06 1.4724482421875 0.32590658203125 42 11
17.990E-06 1.517180078125 0.32507505859375 43 11
19.490E-06 1.5597576171875 0.3162478515625 44 11
20.990E-06 1.5755474609375 0.2976203125 45 11
22.490E-06 1.59028671875 0.2854373828125 46 11
23.990E-06 1.6012466796875 0.26925595703125 47 11
25.490E-06 1.6118287109375 0.2522248046875 48 11
26.990E-06 1.6193873046875 0.2376658203125 49 11
28.490E-06 1.6232421875 0.225296484375 50 11
29.990E-06 1.623998046875 0.216026171875 51 11
31.490E-06 1.6212013671875 0.2143388671875 52 11
41.490E-06 1.6014734375 0.2798474609375 53 11
51.490E-06 1.6642853515625 0.3751369140625 54 11
0.200E-06 1.42734567721242 9.54206152500364e-08 1 12
0.400E-06 1.3786559265199 3.04676191864703e-09 2 12
0.600E-06 1.3726764834524 1.07687855372503e-08 3 12
0.800E-06 1.3701138649949 1.20815410409681e-07 4 12
1.000E-06 1.3684054526899 2.90571657676046e-06 5 12
1.200E-06 1.3658428342324 1.17366102930456e-05 6 12
1.400E-06 1.36328021577489 0.000158084706225397 7 12
1.600E-06 1.35986339116489 0.000133662312290421 8 12
1.800E-06 1.35559236040239 0.000298822568887593 9 12
2.000E-06 1.35046712348739 0.00120080332409972 10 12
2.200E-06 1.3344895757399 0.00111537279486806 11 12
2.400E-06 1.3170521941974 0.00123466423676921 12 12
2.600E-06 1.27961481265491 0.0022814812654906 13 12
2.800E-06 1.18544656655489 0.105428808864266 14 12
3.000E-06 1.35335894445254 0.262456221023473 15 12
3.200E-06 1.48849715701997 0.152248184866599 16 12
3.400E-06 1.47831753899985 0.0571034465665549 17 12
3.600E-06 1.44842032366234 0.022292511444817 18 12
3.800E-06 1.42027642513486 0.0104272634494824 19 12
4.000E-06 1.39896617582738 0.00798754249890654 20 12
4.200E-06 1.39419419740487 0.0142942528065316 21 12
4.400E-06 1.38007085580988 0.0105166350779997 22 12
4.600E-06 1.36790640034991 0.0141572616999563 23 12
4.800E-06 1.36499052339991 0.0162779763813967 24 12
5.000E-06 1.35634567721242 0.0151254328619332 25 12
5.200E-06 1.34659615104243 0.0144738154249891 26 12
5.400E-06 1.32759804636244 0.0158889138358361 27 12
5.490E-06 1.32075860912669 0.0178334903047091 28 12
5.990E-06 1.28614589590319 0.10685101326724 29 12
6.490E-06 1.31504420469456 0.0632245108616416 30 12
6.990E-06 1.2784147251786 0.19790485639306 31 12
7.490E-06 1.48737333430529 0.16266371920105 32 12
7.990E-06 1.43544637702289 0.0686123574865141 33 12
8.490E-06 1.39955674296545 0.0543853725032804 34 12
8.990E-06 1.37576929581572 0.0509436594255722 35 12
9.490E-06 1.35662350196822 0.0507898819069835 36 12
9.990E-06 1.32523362006123 0.0525038620790203 37 12
10.490E-06 1.29421436069398 0.0640534276133547 38 12
11.990E-06 1.17817563784808 0.180409039218545 39 12
13.490E-06 1.28043848957574 0.296733255576615 40 12
14.990E-06 1.35987966175827 0.343647135150897 41 12
16.490E-06 1.42332402682607 0.366593627350926 42 12
17.990E-06 1.47908053652136 0.365484766000875 43 12
19.490E-06 1.52589682169412 0.351878889050882 44 12
20.990E-06 1.53983774602712 0.331530281382126 45 12
22.490E-06 1.55649476600087 0.318542875054673 46 12
23.990E-06 1.56888075521213 0.301036718180493 47 12
25.490E-06 1.58083964134714 0.283272882344365 48 12
26.990E-06 1.58938170287214 0.266884647907858 49 12
28.490E-06 1.59373815424989 0.252931928852602 50 12
29.990E-06 1.59459236040239 0.242481455022598 51 12
31.490E-06 1.59143179763814 0.240587622102347 52 12
41.490E-06 1.56913701705788 0.314632716139379 53 12
51.490E-06 1.64012154833066 0.422333532584925 54 12
