Refractive index for biogenic soa from Moise et al 2015 DOI: 10.1021/cr5005259OP mixed with water from Hale&Querry 1973
Wavelength(m)  Real Part  Imaginary Part  wl_index RH_index
0.200E-06 1.4 0.01 1 1
0.400E-06 1.4 0.01 2 1
0.600E-06 1.4 0.01 3 1
0.800E-06 1.4 0.01 4 1
1.000E-06 1.4 0.01 5 1
1.200E-06 1.4 0.01 6 1
1.400E-06 1.4 0.01 7 1
1.600E-06 1.4 0.01 8 1
1.800E-06 1.4 0.01 9 1
2.000E-06 1.4 0.01 10 1
2.200E-06 1.4 0.01 11 1
2.400E-06 1.4 0.01 12 1
2.600E-06 1.4 0.01 13 1
2.800E-06 1.4 0.01 14 1
3.000E-06 1.4 0.01 15 1
3.200E-06 1.4 0.01 16 1
3.400E-06 1.4 0.01 17 1
3.600E-06 1.4 0.01 18 1
3.800E-06 1.4 0.01 19 1
4.000E-06 1.4 0.01 20 1
4.200E-06 1.4 0.01 21 1
4.400E-06 1.4 0.01 22 1
4.600E-06 1.4 0.01 23 1
4.800E-06 1.4 0.01 24 1
5.000E-06 1.4 0.01 25 1
5.200E-06 1.4 0.01 26 1
5.400E-06 1.4 0.01 27 1
5.490E-06 1.4 0.01 28 1
5.990E-06 1.4 0.01 29 1
6.490E-06 1.4 0.01 30 1
6.990E-06 1.4 0.01 31 1
7.490E-06 1.4 0.01 32 1
7.990E-06 1.4 0.01 33 1
8.490E-06 1.4 0.01 34 1
8.990E-06 1.4 0.01 35 1
9.490E-06 1.4 0.01 36 1
9.990E-06 1.4 0.01 37 1
10.490E-06 1.4 0.01 38 1
11.990E-06 1.4 0.01 39 1
13.490E-06 1.4 0.01 40 1
14.990E-06 1.4 0.01 41 1
16.490E-06 1.4 0.01 42 1
17.990E-06 1.4 0.01 43 1
19.490E-06 1.4 0.01 44 1
20.990E-06 1.4 0.01 45 1
22.490E-06 1.4 0.01 46 1
23.990E-06 1.4 0.01 47 1
25.490E-06 1.4 0.01 48 1
26.990E-06 1.4 0.01 49 1
28.490E-06 1.4 0.01 50 1
29.990E-06 1.4 0.01 51 1
31.490E-06 1.4 0.01 52 1
41.490E-06 1.4 0.01 53 1
51.490E-06 1.4 0.01 54 1
0.200E-06 1.4 0.01 1 2
0.400E-06 1.4 0.01 2 2
0.600E-06 1.4 0.01 3 2
0.800E-06 1.4 0.01 4 2
1.000E-06 1.4 0.01 5 2
1.200E-06 1.4 0.01 6 2
1.400E-06 1.4 0.01 7 2
1.600E-06 1.4 0.01 8 2
1.800E-06 1.4 0.01 9 2
2.000E-06 1.4 0.01 10 2
2.200E-06 1.4 0.01 11 2
2.400E-06 1.4 0.01 12 2
2.600E-06 1.4 0.01 13 2
2.800E-06 1.4 0.01 14 2
3.000E-06 1.4 0.01 15 2
3.200E-06 1.4 0.01 16 2
3.400E-06 1.4 0.01 17 2
3.600E-06 1.4 0.01 18 2
3.800E-06 1.4 0.01 19 2
4.000E-06 1.4 0.01 20 2
4.200E-06 1.4 0.01 21 2
4.400E-06 1.4 0.01 22 2
4.600E-06 1.4 0.01 23 2
4.800E-06 1.4 0.01 24 2
5.000E-06 1.4 0.01 25 2
5.200E-06 1.4 0.01 26 2
5.400E-06 1.4 0.01 27 2
5.490E-06 1.4 0.01 28 2
5.990E-06 1.4 0.01 29 2
6.490E-06 1.4 0.01 30 2
6.990E-06 1.4 0.01 31 2
7.490E-06 1.4 0.01 32 2
7.990E-06 1.4 0.01 33 2
8.490E-06 1.4 0.01 34 2
8.990E-06 1.4 0.01 35 2
9.490E-06 1.4 0.01 36 2
9.990E-06 1.4 0.01 37 2
10.490E-06 1.4 0.01 38 2
11.990E-06 1.4 0.01 39 2
13.490E-06 1.4 0.01 40 2
14.990E-06 1.4 0.01 41 2
16.490E-06 1.4 0.01 42 2
17.990E-06 1.4 0.01 43 2
19.490E-06 1.4 0.01 44 2
20.990E-06 1.4 0.01 45 2
22.490E-06 1.4 0.01 46 2
23.990E-06 1.4 0.01 47 2
25.490E-06 1.4 0.01 48 2
26.990E-06 1.4 0.01 49 2
28.490E-06 1.4 0.01 50 2
29.990E-06 1.4 0.01 51 2
31.490E-06 1.4 0.01 52 2
41.490E-06 1.4 0.01 53 2
51.490E-06 1.4 0.01 54 2
0.200E-06 1.39966056663741 0.00915142592794907 1 3
0.400E-06 1.39482364122054 0.00915141675136811 2 3
0.600E-06 1.39422963283601 0.00915141751848751 3 3
0.800E-06 1.39397505781407 0.00915142720082418 4 3
1.000E-06 1.39380534113278 0.00915166183413607 5 3
1.200E-06 1.39355076611084 0.00915243404503595 6 3
1.400E-06 1.3932961910889 0.00916473935301315 7 3
1.600E-06 1.39295675772631 0.00915932539087988 8 3
1.800E-06 1.39253246602308 0.00916295732785957 9 3
2.000E-06 1.3920233159792 0.00924391218483665 10 3
2.200E-06 1.39117473257273 0.00918009871267023 11 3
2.400E-06 1.38973214078173 0.0092293165502454 12 3
2.600E-06 1.3865923821778 0.00936525961196163 13 3
2.800E-06 1.37810654811311 0.0194871624843168 14 3
3.000E-06 1.39753910812124 0.0321972447464005 15 3
3.200E-06 1.40661895057045 0.0169329264308469 16 3
3.400E-06 1.40169716681294 0.0107688165662604 17 3
3.600E-06 1.3987271248903 0.00958453356419307 18 3
3.800E-06 1.39694509973671 0.00943993495173085 19 3
4.000E-06 1.3958419413083 0.00954227411055094 20 3
4.200E-06 1.39507821624248 0.00973863631080773 21 3
4.400E-06 1.39439934951731 0.0100339433362587 22 3
4.600E-06 1.39405991615472 0.0103956095840956 23 3
4.800E-06 1.39405991615472 0.0104208973696083 24 3
5.000E-06 1.39363562445149 0.0102050177510028 25 3
5.200E-06 1.39295675772631 0.0100084858340647 26 3
5.400E-06 1.39193845763855 0.0100288518358199 27 3
5.490E-06 1.39140385009248 0.0101264389275638 28 3
5.990E-06 1.38839986483358 0.0178833398460915 29 3
6.490E-06 1.39489152789306 0.0125355672185276 30 3
6.990E-06 1.39299070106257 0.011866034910824 31 3
7.490E-06 1.3918790568001 0.0119135555815863 32 3
7.990E-06 1.39077589837169 0.0120569661772794 33 3
8.490E-06 1.38967273994328 0.0122512917773607 34 3
8.990E-06 1.38832349232699 0.0125321728849017 35 3
9.490E-06 1.3867111838547 0.0129021552501219 36 3
9.990E-06 1.38460669700666 0.0134460972136682 37 3
10.490E-06 1.38181485759938 0.0147469755757843 38 3
11.990E-06 1.37550139705526 0.0259873113778647 39 3
13.490E-06 1.38102567503137 0.0382238840991391 40 3
14.990E-06 1.38891750071152 0.0432899270357555 41 3
16.490E-06 1.39579951213798 0.0453782907990742 42 3
17.990E-06 1.40191779849862 0.045249306121291 43 3
19.490E-06 1.40642377638697 0.0434935870533079 44 3
20.990E-06 1.40737418980221 0.0415503310524953 45 3
22.490E-06 1.40902892744482 0.0403470397821231 46 3
23.990E-06 1.4102593733842 0.0386948478897291 47 3
25.490E-06 1.41144739015326 0.0370952681685362 48 3
26.990E-06 1.41229597355973 0.0354744738621815 49 3
28.490E-06 1.41272875109703 0.034091282909638 50 3
29.990E-06 1.41281360943767 0.0330560111537465 51 3
31.490E-06 1.41249963357728 0.0328693228043235 52 3
41.490E-06 1.4102848308864 0.0402265409384046 53 3
51.490E-06 1.41733655899415 0.0509271776939711 54 3
0.200E-06 1.39926519150756 0.00816299897614206 1 4
0.400E-06 1.38879417049034 0.00816297911059447 2 4
0.600E-06 1.38750825562858 0.00816298077126166 3 4
0.800E-06 1.38695714925925 0.00816300173167391 4 4
1.000E-06 1.38658974501303 0.0081635096680443 5 4
1.200E-06 1.3860386386437 0.0081651813573646 6 4
1.400E-06 1.38548753227438 0.00819182000223665 7 4
1.600E-06 1.38475272378194 0.00818009980678229 8 4
1.800E-06 1.38383421316639 0.00818796225765136 9 4
2.000E-06 1.38273200042774 0.00836321408309749 10 4
2.200E-06 1.38089497919665 0.00822507008651941 11 4
2.400E-06 1.37777204310379 0.00833161731792272 12 4
2.600E-06 1.37097506454875 0.00862590811914357 13 4
2.800E-06 1.35260485223784 0.0305378973636028 14 4
3.000E-06 1.39467263842983 0.058052801362891 15 4
3.200E-06 1.41432876560251 0.0250084634580174 16 4
3.400E-06 1.40367404246218 0.0116643412353689 17 4
3.600E-06 1.39724446815336 0.00910059440525761 18 4
3.800E-06 1.39338672356807 0.00878756598747962 19 4
4.000E-06 1.39099859596765 0.00900911074794925 20 4
4.200E-06 1.38934527685967 0.00943419746082382 21 4
4.400E-06 1.3878756598748 0.0100734808492437 22 4
4.600E-06 1.38714085138236 0.0108564192979348 23 4
4.800E-06 1.38714085138236 0.0109111625306214 24 4
5.000E-06 1.38622234076681 0.0104438243294317 25 4
5.200E-06 1.38475272378194 0.0100183702123109 26 4
5.400E-06 1.38254829830463 0.0100624587218571 27 4
5.490E-06 1.38139097492904 0.0102737161634326 28 4
5.990E-06 1.37488791977098 0.0270659272368399 29 4
6.490E-06 1.38894113218883 0.0154890194385013 30 4
6.990E-06 1.38482620463118 0.0140396096871702 31 4
7.490E-06 1.38241970681845 0.0141424828761113 32 4
7.990E-06 1.38003157921804 0.0144529394641657 33 4
8.490E-06 1.37764345161762 0.0148736173260857 34 4
8.990E-06 1.37472258786018 0.015481671353577 35 4
9.490E-06 1.37123224752111 0.0162826126103329 36 4
9.990E-06 1.366676434868 0.0174601432194625 37 4
10.490E-06 1.36063263501771 0.0202762967667257 38 4
11.990E-06 1.34696519705839 0.0446094799937635 39 4
13.490E-06 1.35892420527279 0.0710993261461026 40 4
14.990E-06 1.37600850272195 0.0820663428957188 41 4
16.490E-06 1.3909067449061 0.0865872521454349 42 4
17.990E-06 1.40415166798227 0.086308024918309 43 4
19.490E-06 1.41390625071936 0.0825072279911808 44 4
20.990E-06 1.41596371449818 0.0783004493719812 45 4
22.490E-06 1.41954590589881 0.0756955532662935 46 4
23.990E-06 1.4222095866839 0.0721188729293584 47 4
25.490E-06 1.42478141640742 0.068656087908751 48 4
26.990E-06 1.42661843763852 0.0651473773573662 49 4
28.490E-06 1.42755531846637 0.0621530327506871 50 4
29.990E-06 1.42773902058948 0.0599118668487555 51 4
31.490E-06 1.42705932273398 0.0595077221779154 52 4
41.490E-06 1.42226469732083 0.0754346962514786 53 4
51.490E-06 1.4375303437512 0.0985995339755421 54 4
0.200E-06 1.3989247655252 0.00731194338195756 1 5
0.400E-06 1.38360267425936 0.00731191431299353 2 5
0.600E-06 1.38172101392846 0.00731191674302345 3 5
0.800E-06 1.38091458807237 0.00731194741408684 4 5
1.000E-06 1.38037697083497 0.00731269066991754 5 5
1.200E-06 1.37957054497887 0.0073151368283477 6 5
1.400E-06 1.37876411912278 0.00735411676614525 7 5
1.600E-06 1.37768888464798 0.00733696677627225 8 5
1.800E-06 1.37634484155448 0.00734847178515257 9 5
2.000E-06 1.37473198984229 0.00760491520739147 10 5
2.200E-06 1.3720439036553 0.00740277112612978 11 5
2.400E-06 1.36747415713741 0.00755868012497523 12 5
2.600E-06 1.35752823824555 0.00798931153213111 13 5
2.800E-06 1.33064737637565 0.0400528035705538 14 5
3.000E-06 1.39220455005773 0.0803149584792974 15 5
3.200E-06 1.42096707225853 0.0319616641477124 16 5
3.400E-06 1.40537617237398 0.0124354060854134 17 5
3.600E-06 1.39596787071951 0.00868391300284945 18 5
3.800E-06 1.39032288972683 0.00822586311658627 19 5
4.000E-06 1.38682837768375 0.00855004631073733 20 5
4.200E-06 1.38440910011546 0.00917206945440693 21 5
4.400E-06 1.38225863116586 0.0101075234474796 22 5
4.600E-06 1.38118339669107 0.011253185780375 23 5
4.800E-06 1.38118339669107 0.0113332907487473 24 5
5.000E-06 1.37983935359757 0.0106494416227769 25 5
5.200E-06 1.37768888464798 0.0100268808618699 26 5
5.400E-06 1.37446318122359 0.0100913949303577 27 5
5.490E-06 1.37276968692579 0.0104005248418616 28 5
5.990E-06 1.36325386182384 0.0349723206771417 29 5
6.490E-06 1.38381772115432 0.0180320015267276 30 5
6.990E-06 1.37779640809546 0.0159111015251921 31 5
7.490E-06 1.3742750151905 0.0160616343516636 32 5
7.990E-06 1.37078050314741 0.016515920917265 33 5
8.490E-06 1.36728599110433 0.0171314926540858 34 5
8.990E-06 1.36301193406701 0.0180212491819796 35 5
9.490E-06 1.35790457031173 0.0191932547595075 36 5
9.990E-06 1.35123811656799 0.0209163180053684 37 5
10.490E-06 1.34239431301279 0.0250371541300248 38 5
11.990E-06 1.32239495178158 0.060643543762901 39 5
13.490E-06 1.33989439285889 0.099405746579304 40 5
14.990E-06 1.3648935943979 0.115453621115637 41 5
16.490E-06 1.3866939733744 0.122069001221821 42 5
17.990E-06 1.4060750747826 0.121660412121398 43 5
19.490E-06 1.42034881243552 0.116098761800515 44 5
20.990E-06 1.42335946896495 0.109943044432307 45 5
22.490E-06 1.42860123702958 0.106131338219154 46 5
23.990E-06 1.43249896200071 0.100897634413084 47 5
25.490E-06 1.4362622826625 0.0958305919506066 48 5
26.990E-06 1.43895036884949 0.0906963473334547 49 5
28.490E-06 1.44032129280486 0.0863147668486602 50 5
29.990E-06 1.44059010142356 0.0830353017005318 51 5
31.490E-06 1.43959550953437 0.0824439227393939 52 5
41.490E-06 1.43257960458632 0.105749629980602 53 5
51.490E-06 1.45491760080022 0.139646396798552 54 5
0.200E-06 1.39880932784636 0.00702335235939643 1 6
0.400E-06 1.38184224965706 0.00702332016957476 2 6
0.600E-06 1.3797585733882 0.00702332286049383 3 6
0.800E-06 1.37886556927298 0.00702335682441701 4 6
1.000E-06 1.37827023319616 0.00702417987654321 5 6
1.200E-06 1.37737722908093 0.00702688865569273 6 6
1.400E-06 1.37648422496571 0.00707005349794239 7 6
1.600E-06 1.37529355281207 0.00705106227709191 8 6
1.800E-06 1.37380521262003 0.0070638024691358 9 6
2.000E-06 1.37201920438957 0.00734777777777778 10 6
2.200E-06 1.36904252400549 0.00712393141289438 11 6
2.400E-06 1.36398216735254 0.00729657887517147 12 6
2.600E-06 1.35296844993141 0.00777344307270233 13 6
2.800E-06 1.32320164609053 0.0432792866941015 14 6
3.000E-06 1.39136762688615 0.0878640054869684 15 6
3.200E-06 1.42321810699588 0.0343194787379973 16 6
3.400E-06 1.40595336076818 0.0126968724279835 17 6
3.600E-06 1.39553497942387 0.00854261728395062 18 6
3.800E-06 1.38928395061728 0.00803539094650206 19 6
4.000E-06 1.38541426611797 0.00839437860082305 20 6
4.200E-06 1.38273525377229 0.00908318244170096 21 6
4.400E-06 1.38035390946502 0.0101190672153635 22 6
4.600E-06 1.37916323731139 0.0113877283950617 23 6
4.800E-06 1.37916323731139 0.0114764334705075 24 6
5.000E-06 1.37767489711934 0.0107191659807956 25 6
5.200E-06 1.37529355281207 0.0100297668038409 26 6
5.400E-06 1.37172153635117 0.010101207133059 27 6
5.490E-06 1.36984622770919 0.0104435253772291 28 6
5.990E-06 1.35930877914952 0.0376533607681756 29 6
6.490E-06 1.38208038408779 0.0188943209876543 30 6
6.990E-06 1.37541262002743 0.0165457201646091 31 6
7.490E-06 1.37151316872428 0.016712414266118 32 6
7.990E-06 1.36764348422497 0.0172154732510288 33 6
8.490E-06 1.36377379972565 0.0178971330589849 34 6
8.990E-06 1.35904087791495 0.018882414266118 35 6
9.490E-06 1.35338518518519 0.0201802469135802 36 6
9.990E-06 1.34600301783265 0.0220882990397805 37 6
10.490E-06 1.336209739369 0.0266515500685871 38 6
11.990E-06 1.31406323731139 0.066080658436214 39 6
13.490E-06 1.3334414266118 0.10900438957476 40 6
14.990E-06 1.36112455418381 0.126775171467764 41 6
16.490E-06 1.38526543209877 0.134100781893004 42 6
17.990E-06 1.40672729766804 0.133648326474623 43 6
19.490E-06 1.42253347050754 0.127489574759945 44 6
20.990E-06 1.42586735253772 0.120672976680384 45 6
22.490E-06 1.43167187928669 0.116452043895748 46 6
23.990E-06 1.43598806584362 0.110656447187929 47 6
25.490E-06 1.44015541838134 0.105045404663923 48 6
26.990E-06 1.44313209876543 0.0993599451303155 49 6
28.490E-06 1.44465020576132 0.0945079561042524 50 6
29.990E-06 1.44494787379973 0.0908764060356653 51 6
31.490E-06 1.44384650205761 0.090221536351166 52 6
41.490E-06 1.43607736625514 0.116029355281207 53 6
51.490E-06 1.46081358024691 0.153565294924554 54 6
0.200E-06 1.39863006492973 0.00657519999753432 1 7
0.400E-06 1.37910849017835 0.00657516296133969 2 7
0.600E-06 1.37671110380538 0.00657516605739295 3 7
0.800E-06 1.37568365250267 0.00657520513479083 4 7
1.000E-06 1.37499868496754 0.00657615210240815 5 7
1.200E-06 1.37397123366483 0.00657926870469302 6 7
1.400E-06 1.37294378236213 0.00662893227582806 7 7
1.600E-06 1.37157384729186 0.00660708181145722 8 7
1.800E-06 1.36986142845401 0.00662174011670913 9 7
2.000E-06 1.36780652584861 0.00694846963096902 10 7
2.200E-06 1.36438168817293 0.00669092183775787 11 7
2.400E-06 1.35855946412427 0.00688956242294732 12 7
2.600E-06 1.34588756472425 0.00743822141859127 13 7
2.800E-06 1.31163918796745 0.0482896852141037 14 7
3.000E-06 1.39006797074053 0.0995869039204405 15 7
3.200E-06 1.4267137338703 0.0379809238103066 16 7
3.400E-06 1.40684967535136 0.0131029029341662 17 7
3.600E-06 1.39486274348648 0.00832319947398702 18 7
3.800E-06 1.38767058436755 0.00773960713405112 19 7
4.000E-06 1.38321829538917 0.00815264255773815 20 7
4.200E-06 1.38013594148106 0.00894514999589052 21 7
4.400E-06 1.37739607134051 0.0101369935070272 22 7
4.600E-06 1.37602613627024 0.0115966593244021 23 7
4.800E-06 1.37602613627024 0.0116987194871373 24 7
5.000E-06 1.3743137174324 0.0108274407824443 25 7
5.200E-06 1.37157384729186 0.0100342483767568 26 7
5.400E-06 1.36746404208104 0.0101164444809731 27 7
5.490E-06 1.36530639434536 0.0105103008136763 28 7
5.990E-06 1.35318246897345 0.0418167420070683 29 7
6.490E-06 1.37938247719241 0.0202334149749322 30 7
6.990E-06 1.37171084079888 0.0175312180488206 31 7
7.490E-06 1.36722430344374 0.0177230089586587 32 7
7.990E-06 1.36277201446536 0.0183018065258486 33 7
8.490E-06 1.35831972548697 0.0190860943535794 34 7
8.990E-06 1.35287423358264 0.0202197156242295 35 7
9.490E-06 1.34636704199885 0.021712944850826 36 7
9.990E-06 1.33787344456316 0.023908265800937 37 7
10.490E-06 1.32660572861018 0.0291585419577546 38 7
11.990E-06 1.30112493630311 0.0745239418098134 39 7
13.490E-06 1.32342062957179 0.123910101093121 40 7
14.990E-06 1.35527161995562 0.144356382016931 41 7
16.490E-06 1.38304705350538 0.15278490753678 42 7
17.990E-06 1.40774013314704 0.152264332210076 43 7
19.490E-06 1.4259260212049 0.145178343059094 44 7
20.990E-06 1.42976183940166 0.137335464781787 45 7
22.490E-06 1.43644027286924 0.132479044957672 46 7
23.990E-06 1.44140628749897 0.125810886003123 47 7
25.490E-06 1.44620106024492 0.119355066984466 48 7
26.990E-06 1.4496258979206 0.112813627023917 49 7
28.490E-06 1.4513725651352 0.107231141612559 50 7
29.990E-06 1.45171504890277 0.103052839648229 51 7
31.490E-06 1.45044785896277 0.102299375359579 52 7
41.490E-06 1.44150903262924 0.131992718007726 53 7
51.490E-06 1.46996943371414 0.175179921098052 54 7
0.200E-06 1.39831481481481 0.00578708337962963 1 8
0.400E-06 1.37430092592593 0.00578703782064815 2 8
0.600E-06 1.37135185185185 0.00578704162916667 3 8
0.800E-06 1.37008796296296 0.00578708969907408 4 8
1.000E-06 1.36924537037037 0.00578825458333333 5 8
1.200E-06 1.36798148148148 0.00579208837962963 6 8
1.400E-06 1.36671759259259 0.00585318055555556 7 8
1.600E-06 1.36503240740741 0.00582630185185185 8 8
1.800E-06 1.36292592592593 0.00584433333333334 9 8
2.000E-06 1.36039814814815 0.00624625 10 8
2.200E-06 1.35618518518519 0.00592943518518519 11 8
2.400E-06 1.34902314814815 0.00617378703703704 12 8
2.600E-06 1.33343518518519 0.0068487037037037 13 8
2.800E-06 1.29130555555556 0.0571009259259259 14 8
3.000E-06 1.38778240740741 0.120202685185185 15 8
3.200E-06 1.43286111111111 0.0444199074074074 16 8
3.400E-06 1.40842592592593 0.0138169444444444 17 8
3.600E-06 1.39368055555556 0.00793733333333333 18 8
3.800E-06 1.38483333333333 0.00721944444444444 19 8
4.000E-06 1.37935648148148 0.00772752777777778 20 8
4.200E-06 1.37556481481481 0.00870240740740741 21 8
4.400E-06 1.37219444444444 0.0101685185185185 22 8
4.600E-06 1.37050925925926 0.0119640833333333 23 8
4.800E-06 1.37050925925926 0.0120896296296296 24 8
5.000E-06 1.36840277777778 0.0110178518518519 25 8
5.200E-06 1.36503240740741 0.0100421296296296 26 8
5.400E-06 1.35997685185185 0.0101432407407407 27 8
5.490E-06 1.35732268518519 0.0106277314814815 28 8
5.990E-06 1.3424087962963 0.0491384259259259 29 8
6.490E-06 1.37463796296296 0.0225883333333333 30 8
6.990E-06 1.36520092592593 0.0192643055555556 31 8
7.490E-06 1.35968194444444 0.0195002314814815 32 8
7.990E-06 1.35420509259259 0.0202122222222222 33 8
8.490E-06 1.34872824074074 0.0211769907407407 34 8
8.990E-06 1.34202962962963 0.0225714814814815 35 8
9.490E-06 1.334025 0.0244083333333333 36 8
9.990E-06 1.32357685185185 0.0271088425925926 37 8
10.490E-06 1.3097162037037 0.0335673148148148 38 8
11.990E-06 1.27837175925926 0.0893722222222222 39 8
13.490E-06 1.30579814814815 0.150123148148148 40 8
14.990E-06 1.3449787037037 0.175274537037037 41 8
16.490E-06 1.37914583333333 0.185642638888889 42 8
17.990E-06 1.4095212962963 0.185002268518518 43 8
19.490E-06 1.43189212962963 0.176285648148148 44 8
20.990E-06 1.43661064814815 0.166637962962963 45 8
22.490E-06 1.44482592592593 0.160663981481481 46 8
23.990E-06 1.45093472222222 0.152461342592593 47 8
25.490E-06 1.45683287037037 0.144519907407407 48 8
26.990E-06 1.46104583333333 0.136473148148148 49 8
28.490E-06 1.46319444444444 0.129606018518518 50 8
29.990E-06 1.46361574074074 0.124466203703704 51 8
31.490E-06 1.46205694444444 0.123539351851852 52 8
41.490E-06 1.45106111111111 0.160065740740741 53 8
51.490E-06 1.48607083333333 0.213191203703704 54 8
0.200E-06 1.39786333465164 0.00465839538740358 1 9
0.400E-06 1.36741585343755 0.00465833762265588 2 9
0.600E-06 1.36367668907792 0.00465834245151957 3 9
0.800E-06 1.36207419006666 0.00465840339989863 4 9
1.000E-06 1.36100585739248 0.00465988036982069 5 9
1.200E-06 1.35940335838121 0.0046647412834882 6 9
1.400E-06 1.35780085936994 0.00474220074402953 7 9
1.600E-06 1.35566419402158 0.00470812093172323 8 9
1.800E-06 1.35299336233614 0.00473098325095065 9 9
2.000E-06 1.3497883643136 0.00524057793653389 10 9
2.200E-06 1.34444670094271 0.0048388848510427 11 9
2.400E-06 1.33536587321219 0.00514870132655452 12 9
2.600E-06 1.31560171873988 0.00600443579857166 13 9
2.800E-06 1.26218508503095 0.0697197964865894 14 9
3.000E-06 1.38450917622441 0.149727230455832 15 9
3.200E-06 1.44166497429297 0.0536413897401999 16 9
3.400E-06 1.41068332674179 0.0148395470140295 17 9
3.600E-06 1.39198750494366 0.00738472161361054 18 9
3.800E-06 1.38077001186478 0.00647450217521029 19 9
4.000E-06 1.37382584948262 0.00711870677774004 20 9
4.200E-06 1.36901835244882 0.0083547676817648 21 9
4.400E-06 1.3647450217521 0.0102136665348357 22 9
4.600E-06 1.36260835640375 0.0124902834635106 23 9
4.800E-06 1.36260835640375 0.0126494650319632 24 9
5.000E-06 1.3599375247183 0.0112905458704079 25 9
5.200E-06 1.35566419402158 0.0100534166337089 26 9
5.400E-06 1.34925419797651 0.0101816165546104 27 9
5.490E-06 1.34588895005285 0.0107959078422631 28 9
5.990E-06 1.32697946171989 0.0596240527156006 29 9
6.490E-06 1.36784318650722 0.0259608901522298 30 9
6.990E-06 1.35587786055642 0.0217463177525948 31 9
7.490E-06 1.34888028154055 0.0220454509013649 32 9
7.990E-06 1.34193611915839 0.0229481920110459 33 9
8.490E-06 1.33499195677623 0.0241714329229805 34 9
8.990E-06 1.32649871201651 0.0259395234987462 35 9
9.490E-06 1.31634955161181 0.0282684887284558 36 9
9.990E-06 1.30310222645199 0.0316924949491985 37 9
10.490E-06 1.28552815396175 0.0398812648967782 38 9
11.990E-06 1.2457861784823 0.110636937907634 39 9
13.490E-06 1.28056040702682 0.187663723715918 40 9
14.990E-06 1.33023787637613 0.219553454040152 41 9
16.490E-06 1.37355876631408 0.232699287595921 42 9
17.990E-06 1.41207215921822 0.231887354763545 43 9
19.490E-06 1.44043639171766 0.220835453249167 44 9
20.990E-06 1.44641905469306 0.20860304412982 45 9
22.490E-06 1.45683529826631 0.201028565469893 46 9
23.990E-06 1.4645807101541 0.190628346886764 47 9
25.490E-06 1.47205903887335 0.18055931143263 48 9
26.990E-06 1.47740070224425 0.170356734394223 49 9
28.490E-06 1.4801249505634 0.161649823099667 50 9
29.990E-06 1.48065911690049 0.155132993787176 51 9
31.490E-06 1.47868270145326 0.15395782784558 52 9
41.490E-06 1.46474096005523 0.200270049271227 53 9
51.490E-06 1.50913018266735 0.267628424378194 54 9
0.200E-06 1.39762576842961 0.00406448636539145 1 10
0.400E-06 1.36379296855154 0.00406442217804095 2 10
0.600E-06 1.35963806330336 0.0040644275438043 3 10
0.800E-06 1.35785738962557 0.00406449526875984 4 10
1.000E-06 1.35667027384037 0.00406613645633288 5 10
1.200E-06 1.35488960016258 0.00407153783315552 6 10
1.400E-06 1.35310892648478 0.0041576096631611 7 10
1.600E-06 1.35073469491439 0.00411974066961337 8 10
1.800E-06 1.3477669054514 0.00414514494741655 9 10
2.000E-06 1.34420555809582 0.00471139917695473 10 10
2.200E-06 1.33826997916984 0.00426504364172128 11 10
2.400E-06 1.32817949499568 0.00460930721942793 12 10
2.600E-06 1.30621785296957 0.00556018696336941 13 10
2.800E-06 1.2468620637098 0.0763597723924199 14 10
3.000E-06 1.38278682111467 0.165262873545699 15 10
3.200E-06 1.44629751562262 0.0584936798252299 16 10
3.400E-06 1.41187115785195 0.0153776345069349 17 10
3.600E-06 1.39109663161104 0.00709394055784179 18 10
3.800E-06 1.37863191586648 0.00608251790885536 19 10
4.000E-06 1.37091566326271 0.00679834872732815 20 10
4.200E-06 1.36557364222933 0.00817184169079917 21 10
4.400E-06 1.36082517908855 0.0102374231570391 22 10
4.600E-06 1.35845094751816 0.0127671668952904 23 10
4.800E-06 1.35845094751816 0.0129440471472845 24 10
5.000E-06 1.35548315805517 0.011434035868516 25 10
5.200E-06 1.35073469491439 0.0100593557892598 26 10
5.400E-06 1.34361200020322 0.0102018096834832 27 10
5.490E-06 1.33987258547986 0.0108844012599705 28 10
5.990E-06 1.3188606360819 0.0651415282223238 29 10
6.490E-06 1.36426781486562 0.0277355098308185 30 10
6.990E-06 1.35097211807143 0.0230523380582228 31 10
7.490E-06 1.3431965096784 0.0233847304780775 32 10
7.990E-06 1.33548025707463 0.0243878433165676 33 10
8.490E-06 1.32776400447086 0.0257470908906163 34 10
8.990E-06 1.31832643397856 0.0277117675151146 35 10
9.490E-06 1.3070488340192 0.0302996799268404 36 10
9.990E-06 1.29232859828278 0.0341043860183915 37 10
10.490E-06 1.27280054361632 0.0432036285119138 38 10
11.990E-06 1.22863983640705 0.121826306965402 39 10
13.490E-06 1.26728045521516 0.207417355077986 40 10
14.990E-06 1.32248133922674 0.242852761266067 41 10
16.490E-06 1.37061888431642 0.257460221002896 42 10
17.990E-06 1.41341440837271 0.256558013006148 43 10
19.490E-06 1.44493233246964 0.244277300208302 44 10
20.990E-06 1.45158018086674 0.230684824467815 45 10
22.490E-06 1.46315455977239 0.22226817355078 46 10
23.990E-06 1.47176114921506 0.210711601381903 47 10
25.490E-06 1.48007095971143 0.199523035106437 48 10
26.990E-06 1.4860065386374 0.188186079357822 49 10
28.490E-06 1.48903368388965 0.178511085708479 50 10
29.990E-06 1.48962724178225 0.171269679418788 51 10
31.490E-06 1.48743107757964 0.169963852055073 52 10
41.490E-06 1.47193921658284 0.221425321343291 53 10
51.490E-06 1.5212638774577 0.296272971599858 54 10
0.200E-06 1.39745772594752 0.00364438478134111 1 11
0.400E-06 1.36123032069971 0.0036443160509621 2 11
0.600E-06 1.35678134110787 0.00364432179650146 3 11
0.800E-06 1.35487463556851 0.00364439431486881 4 11
1.000E-06 1.35360349854227 0.00364615166180758 5 11
1.200E-06 1.35169679300292 0.00365193533527697 6 11
1.400E-06 1.34979008746356 0.00374409912536443 7 11
1.600E-06 1.34724781341108 0.00370354985422741 8 11
1.800E-06 1.34406997084548 0.00373075218658892 9 11
2.000E-06 1.34025655976676 0.00433708454810496 10 11
2.200E-06 1.33390087463557 0.00385913702623907 11 11
2.400E-06 1.32309620991254 0.0042277667638484 12 11
2.600E-06 1.29958017492711 0.00524594752186589 13 11
2.800E-06 1.23602332361516 0.0810565597667638 14 11
3.000E-06 1.38156851311953 0.176252011661808 15 11
3.200E-06 1.44957434402332 0.0619259475218659 16 11
3.400E-06 1.41271137026239 0.015758250728863 17 11
3.600E-06 1.39046647230321 0.00688825655976676 18 11
3.800E-06 1.3771195335277 0.00580524781341108 19 11
4.000E-06 1.36885714285714 0.00657174344023324 20 11
4.200E-06 1.36313702623907 0.00804244897959184 21 11
4.400E-06 1.35805247813411 0.0102542274052478 22 11
4.600E-06 1.35551020408163 0.0129630204081633 23 11
4.800E-06 1.35551020408163 0.0131524198250729 24 11
5.000E-06 1.35233236151603 0.0115355335276968 25 11
5.200E-06 1.34724781341108 0.010063556851312 26 11
5.400E-06 1.33962099125364 0.0102160932944606 27 11
5.490E-06 1.33561690962099 0.0109469970845481 28 11
5.990E-06 1.31311778425656 0.0690443148688047 29 11
6.490E-06 1.3617387755102 0.0289907871720117 30 11
6.990E-06 1.34750204081633 0.0239761516034985 31 11
7.490E-06 1.33917609329446 0.0243320699708455 32 11
7.990E-06 1.33091370262391 0.0254061807580175 33 11
8.490E-06 1.32265131195335 0.0268616326530612 34 11
8.990E-06 1.31254577259475 0.0289653644314869 35 11
9.490E-06 1.30046997084548 0.031736443148688 36 11
9.990E-06 1.28470787172012 0.0358104373177843 37 11
10.490E-06 1.26379766763848 0.0455537026239067 38 11
11.990E-06 1.21651137026239 0.12974110787172 39 11
13.490E-06 1.25788688046647 0.221390087463557 40 11
14.990E-06 1.31699475218659 0.259333527696793 41 11
16.490E-06 1.36853935860058 0.274974868804665 42 11
17.990E-06 1.4143638483965 0.274008804664723 43 11
19.490E-06 1.44811253644315 0.26085889212828 44 11
20.990E-06 1.45523090379009 0.246304373177843 45 11
22.490E-06 1.46762448979592 0.237292011661808 46 11
23.990E-06 1.47684023323615 0.22491749271137 47 11
25.490E-06 1.48573819241982 0.212937026239067 48 11
26.990E-06 1.49209387755102 0.200797667638484 49 11
28.490E-06 1.49533527696793 0.190437900874636 50 11
29.990E-06 1.49597084548105 0.182683965014577 51 11
31.490E-06 1.49361924198251 0.181285714285714 52 11
41.490E-06 1.47703090379009 0.236389504373178 53 11
51.490E-06 1.52984664723032 0.316534693877551 54 11
0.200E-06 1.39725923848182 0.00314817157550252 1 12
0.400E-06 1.35820338684782 0.00314809747901488 2 12
0.600E-06 1.35340705419101 0.00314810367313591 3 12
0.800E-06 1.35135148305238 0.00314818185335822 4 12
1.000E-06 1.34998110229329 0.00315007640475766 5 12
1.200E-06 1.34792553115466 0.0031563116372115 6 12
1.400E-06 1.34586996001603 0.00325567109414917 7 12
1.600E-06 1.34312919849785 0.00321195594793427 8 12
1.800E-06 1.33970324660013 0.00324128209617875 9 12
2.000E-06 1.33559210432287 0.00389495371826365 10 12
2.200E-06 1.32874020052743 0.00337969055284662 11 12
2.400E-06 1.31709196407519 0.00377710097298209 12 12
2.600E-06 1.29173992003206 0.00487477596101146 13 12
2.800E-06 1.22322088207767 0.0866042844330106 14 12
3.000E-06 1.38012947899323 0.189232099481099 15 12
3.200E-06 1.45344484960443 0.0659800540087385 16 12
3.400E-06 1.41370380759088 0.0162078248386679 17 12
3.600E-06 1.38972214430684 0.00664530790175295 18 12
3.800E-06 1.37533314633642 0.00547774349501011 19 12
4.000E-06 1.36642567140235 0.00630408309274008 20 12
4.200E-06 1.36025895798645 0.00788961363100472 21 12
4.400E-06 1.3547774349501 0.0102740761518176 22 12
4.600E-06 1.35203667343193 0.0131943575494338 23 12
4.800E-06 1.35203667343193 0.0133985442825379 24 12
5.000E-06 1.34861072153421 0.0116554199569781 25 12
5.200E-06 1.34312919849785 0.0100685190379544 26 12
5.400E-06 1.33490691394333 0.0102329647290449 27 12
5.490E-06 1.3305902145522 0.0110209336655204 28 12
5.990E-06 1.30633447511635 0.0736541862596304 29 12
6.490E-06 1.35875153915146 0.0304734885407724 30 12
6.990E-06 1.34340327464967 0.0250673364461709 31 12
7.490E-06 1.33442728067765 0.0254510430587155 32 12
7.990E-06 1.32551980574358 0.0266090148001447 33 12
8.490E-06 1.3166123308095 0.0281781007693003 34 12
8.990E-06 1.30571780377476 0.0304460809255907 35 12
9.490E-06 1.29269918656342 0.0334335109804022 36 12
9.990E-06 1.27570646515073 0.0378255813132787 37 12
10.490E-06 1.25316370166374 0.048329549831687 38 12
11.990E-06 1.20218553742567 0.139089867506075 39 12
13.490E-06 1.24679143113398 0.237894320236309 40 12
14.990E-06 1.31051413643156 0.278800185895081 41 12
16.490E-06 1.36608307621258 0.295662721135657 42 12
17.990E-06 1.41548530257769 0.29462123175875 43 12
19.490E-06 1.45186891173147 0.280444642805986 44 12
20.990E-06 1.45954304398237 0.26475378311443 45 12
22.490E-06 1.47290425638347 0.255037783532498 46 12
23.990E-06 1.48283951688686 0.241697126842777 47 12
25.490E-06 1.49243218220048 0.228781288188375 48 12
26.990E-06 1.49928408599591 0.215694151939086 49 12
28.490E-06 1.50277855693159 0.20452554875252 50 12
29.990E-06 1.50346374731113 0.196166226122084 51 12
31.490E-06 1.50092854290682 0.194658807287087 52 12
41.490E-06 1.48304507400072 0.254064813193545 53 12
51.490E-06 1.53998439454082 0.340467320054034 54 12
