Refractive index for anthropogenic soa from Moise et al 2015 DOI: 10.1021/cr5005259OP mixed with water from Hale&Querry 1973
Wavelength(m)  Real Part  Imaginary Part  wl_index RH_index
0.200E-06 1.5 0.01 1 1
0.400E-06 1.5 0.01 2 1
0.600E-06 1.5 0.01 3 1
0.800E-06 1.5 0.01 4 1
1.000E-06 1.5 0.01 5 1
1.200E-06 1.5 0.01 6 1
1.400E-06 1.5 0.01 7 1
1.600E-06 1.5 0.01 8 1
1.800E-06 1.5 0.01 9 1
2.000E-06 1.5 0.01 10 1
2.200E-06 1.5 0.01 11 1
2.400E-06 1.5 0.01 12 1
2.600E-06 1.5 0.01 13 1
2.800E-06 1.5 0.01 14 1
3.000E-06 1.5 0.01 15 1
3.200E-06 1.5 0.01 16 1
3.400E-06 1.5 0.01 17 1
3.600E-06 1.5 0.01 18 1
3.800E-06 1.5 0.01 19 1
4.000E-06 1.5 0.01 20 1
4.200E-06 1.5 0.01 21 1
4.400E-06 1.5 0.01 22 1
4.600E-06 1.5 0.01 23 1
4.800E-06 1.5 0.01 24 1
5.000E-06 1.5 0.01 25 1
5.200E-06 1.5 0.01 26 1
5.400E-06 1.5 0.01 27 1
5.490E-06 1.5 0.01 28 1
5.990E-06 1.5 0.01 29 1
6.490E-06 1.5 0.01 30 1
6.990E-06 1.5 0.01 31 1
7.490E-06 1.5 0.01 32 1
7.990E-06 1.5 0.01 33 1
8.490E-06 1.5 0.01 34 1
8.990E-06 1.5 0.01 35 1
9.490E-06 1.5 0.01 36 1
9.990E-06 1.5 0.01 37 1
10.490E-06 1.5 0.01 38 1
11.990E-06 1.5 0.01 39 1
13.490E-06 1.5 0.01 40 1
14.990E-06 1.5 0.01 41 1
16.490E-06 1.5 0.01 42 1
17.990E-06 1.5 0.01 43 1
19.490E-06 1.5 0.01 44 1
20.990E-06 1.5 0.01 45 1
22.490E-06 1.5 0.01 46 1
23.990E-06 1.5 0.01 47 1
25.490E-06 1.5 0.01 48 1
26.990E-06 1.5 0.01 49 1
28.490E-06 1.5 0.01 50 1
29.990E-06 1.5 0.01 51 1
31.490E-06 1.5 0.01 52 1
41.490E-06 1.5 0.01 53 1
51.490E-06 1.5 0.01 54 1
0.200E-06 1.5 0.01 1 2
0.400E-06 1.5 0.01 2 2
0.600E-06 1.5 0.01 3 2
0.800E-06 1.5 0.01 4 2
1.000E-06 1.5 0.01 5 2
1.200E-06 1.5 0.01 6 2
1.400E-06 1.5 0.01 7 2
1.600E-06 1.5 0.01 8 2
1.800E-06 1.5 0.01 9 2
2.000E-06 1.5 0.01 10 2
2.200E-06 1.5 0.01 11 2
2.400E-06 1.5 0.01 12 2
2.600E-06 1.5 0.01 13 2
2.800E-06 1.5 0.01 14 2
3.000E-06 1.5 0.01 15 2
3.200E-06 1.5 0.01 16 2
3.400E-06 1.5 0.01 17 2
3.600E-06 1.5 0.01 18 2
3.800E-06 1.5 0.01 19 2
4.000E-06 1.5 0.01 20 2
4.200E-06 1.5 0.01 21 2
4.400E-06 1.5 0.01 22 2
4.600E-06 1.5 0.01 23 2
4.800E-06 1.5 0.01 24 2
5.000E-06 1.5 0.01 25 2
5.200E-06 1.5 0.01 26 2
5.400E-06 1.5 0.01 27 2
5.490E-06 1.5 0.01 28 2
5.990E-06 1.5 0.01 29 2
6.490E-06 1.5 0.01 30 2
6.990E-06 1.5 0.01 31 2
7.490E-06 1.5 0.01 32 2
7.990E-06 1.5 0.01 33 2
8.490E-06 1.5 0.01 34 2
8.990E-06 1.5 0.01 35 2
9.490E-06 1.5 0.01 36 2
9.990E-06 1.5 0.01 37 2
10.490E-06 1.5 0.01 38 2
11.990E-06 1.5 0.01 39 2
13.490E-06 1.5 0.01 40 2
14.990E-06 1.5 0.01 41 2
16.490E-06 1.5 0.01 42 2
17.990E-06 1.5 0.01 43 2
19.490E-06 1.5 0.01 44 2
20.990E-06 1.5 0.01 45 2
22.490E-06 1.5 0.01 46 2
23.990E-06 1.5 0.01 47 2
25.490E-06 1.5 0.01 48 2
26.990E-06 1.5 0.01 49 2
28.490E-06 1.5 0.01 50 2
29.990E-06 1.5 0.01 51 2
31.490E-06 1.5 0.01 52 2
41.490E-06 1.5 0.01 53 2
51.490E-06 1.5 0.01 54 2
0.200E-06 1.48583911024727 0.00863839096317892 1 3
0.400E-06 1.47807785336357 0.00863837623857683 2 3
0.600E-06 1.47712471655329 0.00863837746948494 3 3
0.800E-06 1.47671622934888 0.00863839300561494 4 3
1.000E-06 1.47644390454595 0.008638769494655 5 3
1.200E-06 1.47603541734154 0.00864000857250837 6 3
1.400E-06 1.47562693013713 0.00865975348234532 7 3
1.600E-06 1.47508228053126 0.00865106632113163 8 3
1.800E-06 1.47440146852392 0.00865689407191448 9 3
2.000E-06 1.47358449411511 0.00878679300291545 10 3
2.200E-06 1.47222287010042 0.00868439887701112 11 3
2.400E-06 1.46990810927546 0.00876337306986287 12 3
2.600E-06 1.46487010042112 0.00898150523701544 13 3
2.800E-06 1.45125386027427 0.025222956484181 14 3
3.000E-06 1.48243505021056 0.0456173609761365 15 3
3.200E-06 1.49700442716769 0.0211244681999784 16 3
3.400E-06 1.48910700788252 0.0112336313573048 17 3
3.600E-06 1.48434132383112 0.00933334888241011 18 3
3.800E-06 1.48148191340028 0.00910132815030774 19 3
4.000E-06 1.47971180218119 0.00926554000647878 20 3
4.200E-06 1.47848634056797 0.00958061980347695 21 3
4.400E-06 1.47739704135622 0.0100544649605874 22 3
4.600E-06 1.47685239175035 0.0106347891156463 23 3
4.800E-06 1.47685239175035 0.0106753655112839 24 3
5.000E-06 1.47617157974301 0.010328968361948 25 3
5.200E-06 1.47508228053126 0.0100136162401469 26 3
5.400E-06 1.47344833171364 0.0100462952164993 27 3
5.490E-06 1.47259050858439 0.0102028819781881 28 3
5.990E-06 1.4677703595724 0.0226494870964259 29 3
6.490E-06 1.47818678328474 0.0140685325558795 30 3
6.990E-06 1.47513674549185 0.0129942112082928 31 3
7.490E-06 1.47335301803261 0.0130704621531152 32 3
7.990E-06 1.47158290681352 0.013300576611597 33 3
8.490E-06 1.46981279559443 0.0136123885109599 34 3
8.990E-06 1.46764781341108 0.0140630860598208 35 3
9.490E-06 1.46506072778318 0.0146567541302235 36 3
9.990E-06 1.46168390022676 0.0155295551236368 37 3
10.490E-06 1.45720415721844 0.0176169247381492 38 3
11.990E-06 1.44707367454918 0.0356529964366699 39 3
13.490E-06 1.45593784688479 0.0552876147284311 40 3
14.990E-06 1.46860095022136 0.063416510096102 41 3
16.490E-06 1.47964372098046 0.0667674667962423 42 3
17.990E-06 1.48946103012634 0.0665604999460102 43 3
19.490E-06 1.49669125364431 0.0637432998596264 44 3
20.990E-06 1.49821627254076 0.0606251808659972 45 3
22.490E-06 1.5008714393694 0.0586943980131736 46 3
23.990E-06 1.50284579419069 0.0560433160565814 47 3
25.490E-06 1.50475206781125 0.0534766547888997 48 3
26.990E-06 1.50611369182594 0.0508759529208509 49 3
28.490E-06 1.50680812007343 0.048656505776914 50 3
29.990E-06 1.50694428247489 0.046995324478998 51 3
31.490E-06 1.50644048158946 0.0466957671957672 52 3
41.490E-06 1.50288664291113 0.0585010474030883 53 3
51.490E-06 1.51420173847317 0.0756711262282691 54 3
0.200E-06 1.47413673929376 0.00751317536438768 1 4
0.400E-06 1.45996168294515 0.00751314847157025 2 4
0.600E-06 1.45822088655146 0.00751315071968445 3 4
0.800E-06 1.45747483095417 0.00751317909466566 4 4
1.000E-06 1.45697746055597 0.00751386670924117 5 4
1.200E-06 1.45623140495868 0.00751612974455297 6 4
1.400E-06 1.45548534936138 0.00755219158527423 7 4
1.600E-06 1.45449060856499 0.00753632546957175 8 4
1.800E-06 1.4532471825695 0.00754696919609316 9 4
2.000E-06 1.45175507137491 0.00778421487603306 10 4
2.200E-06 1.44926821938392 0.00759720360631104 11 4
2.400E-06 1.44504057099925 0.00774144102178813 12 4
2.600E-06 1.43583921863261 0.0081398347107438 13 4
2.800E-06 1.41097069872276 0.0378030052592036 14 4
3.000E-06 1.4679196093163 0.0750510743801653 15 4
3.200E-06 1.49452892561983 0.0303175807663411 16 4
3.400E-06 1.48010518407213 0.0122530879038317 17 4
3.600E-06 1.47140120210368 0.00878243726521412 18 4
3.800E-06 1.46617881292261 0.00835867768595041 19 4
4.000E-06 1.46294590533433 0.00865859203606311 20 4
4.200E-06 1.46070773854245 0.00923404958677686 21 4
4.400E-06 1.45871825694966 0.0100994740796394 22 4
4.600E-06 1.45772351615327 0.0111593703981968 23 4
4.800E-06 1.45772351615327 0.0112334785875282 24 4
5.000E-06 1.45648009015778 0.0106008234410218 25 4
5.200E-06 1.45449060856499 0.0100248685199098 26 4
5.400E-06 1.45150638617581 0.0100845529676935 27 4
5.490E-06 1.44993966942149 0.0103705409466566 28 4
5.990E-06 1.4411362133734 0.0331028549962434 29 4
6.490E-06 1.46016063110443 0.0174307137490609 30 4
6.990E-06 1.45459008264463 0.0154685875281743 31 4
7.490E-06 1.45133230653644 0.0156078512396694 32 4
7.990E-06 1.44809939894816 0.0160281292261458 33 4
8.490E-06 1.44486649135988 0.0165976183320811 34 4
8.990E-06 1.44091239669421 0.0174207663410969 35 4
9.490E-06 1.43618737791134 0.0185050338091661 36 4
9.990E-06 1.4300199849737 0.0200991059353869 37 4
10.490E-06 1.42183824192337 0.0239114500375658 38 4
11.990E-06 1.40333606311044 0.0568522915101428 39 4
13.490E-06 1.41952546957175 0.0927126972201353 40 4
14.990E-06 1.4426531930879 0.107559203606311 41 4
16.490E-06 1.46282156273479 0.113679346356123 42 4
17.990E-06 1.48075176558978 0.113301344853494 43 4
19.490E-06 1.49395694966191 0.108156048084147 44 4
20.990E-06 1.49674222389181 0.102461157024793 45 4
22.490E-06 1.50159158527423 0.0989348009015778 46 4
23.990E-06 1.50519752066116 0.0940929000751316 47 4
25.490E-06 1.50867911344853 0.0894051840721263 48 4
26.990E-06 1.51116596543952 0.0846552967693464 49 4
28.490E-06 1.51243425995492 0.0806017280240421 50 4
29.990E-06 1.51268294515402 0.0775677685950414 51 4
31.490E-06 1.51176280991736 0.0770206611570249 52 4
41.490E-06 1.50527212622089 0.0985816679188581 53 4
51.490E-06 1.52593786626597 0.129940871525169 54 4
0.200E-06 1.4720439036553 0.00731194338195756 1 5
0.400E-06 1.45672181238945 0.00731191431299353 2 5
0.600E-06 1.45484015205856 0.00731191674302345 3 5
0.800E-06 1.45403372620246 0.00731194741408684 4 5
1.000E-06 1.45349610896506 0.00731269066991754 5 5
1.200E-06 1.45268968310897 0.0073151368283477 6 5
1.400E-06 1.45188325725287 0.00735411676614525 7 5
1.600E-06 1.45080802277807 0.00733696677627225 8 5
1.800E-06 1.44946397968458 0.00734847178515257 9 5
2.000E-06 1.44785112797238 0.00760491520739147 10 5
2.200E-06 1.44516304178539 0.00740277112612978 11 5
2.400E-06 1.44059329526751 0.00755868012497523 12 5
2.600E-06 1.43064737637565 0.00798931153213111 13 5
2.800E-06 1.40376651450574 0.0400528035705538 14 5
3.000E-06 1.46532368818782 0.0803149584792974 15 5
3.200E-06 1.49408621038862 0.0319616641477124 16 5
3.400E-06 1.47849531050408 0.0124354060854134 17 5
3.600E-06 1.46908700884961 0.00868391300284945 18 5
3.800E-06 1.46344202785693 0.00822586311658627 19 5
4.000E-06 1.45994751581384 0.00855004631073733 20 5
4.200E-06 1.45752823824555 0.00917206945440693 21 5
4.400E-06 1.45537776929596 0.0101075234474796 22 5
4.600E-06 1.45430253482116 0.011253185780375 23 5
4.800E-06 1.45430253482116 0.0113332907487473 24 5
5.000E-06 1.45295849172767 0.0106494416227769 25 5
5.200E-06 1.45080802277807 0.0100268808618699 26 5
5.400E-06 1.44758231935369 0.0100913949303577 27 5
5.490E-06 1.44588882505588 0.0104005248418616 28 5
5.990E-06 1.43637299995393 0.0349723206771417 29 5
6.490E-06 1.45693685928441 0.0180320015267276 30 5
6.990E-06 1.45091554622555 0.0159111015251921 31 5
7.490E-06 1.4473941533206 0.0160616343516636 32 5
7.990E-06 1.44389964127751 0.016515920917265 33 5
8.490E-06 1.44040512923442 0.0171314926540858 34 5
8.990E-06 1.43613107219711 0.0180212491819796 35 5
9.490E-06 1.43102370844182 0.0191932547595075 36 5
9.990E-06 1.42435725469809 0.0209163180053684 37 5
10.490E-06 1.41551345114289 0.0250371541300248 38 5
11.990E-06 1.39551408991168 0.060643543762901 39 5
13.490E-06 1.41301353098899 0.099405746579304 40 5
14.990E-06 1.438012732528 0.115453621115637 41 5
16.490E-06 1.45981311150449 0.122069001221821 42 5
17.990E-06 1.47919421291269 0.121660412121398 43 5
19.490E-06 1.49346795056561 0.116098761800515 44 5
20.990E-06 1.49647860709504 0.109943044432307 45 5
22.490E-06 1.50172037515967 0.106131338219154 46 5
23.990E-06 1.50561810013081 0.100897634413084 47 5
25.490E-06 1.5093814207926 0.0958305919506066 48 5
26.990E-06 1.51206950697959 0.0906963473334547 49 5
28.490E-06 1.51344043093495 0.0863147668486602 50 5
29.990E-06 1.51370923955365 0.0830353017005318 51 5
31.490E-06 1.51271464766447 0.0824439227393939 52 5
41.490E-06 1.50569874271642 0.105749629980602 53 5
51.490E-06 1.52803673893031 0.139646396798552 54 5
0.200E-06 1.47002514577259 0.00711783418230685 1 6
0.400E-06 1.45359661989796 0.00711780301422285 2 6
0.600E-06 1.45157908163265 0.00711780561972941 3 6
0.800E-06 1.45071442237609 0.00711783850560313 4 6
1.000E-06 1.45013798287172 0.00711863543321793 5 6
1.200E-06 1.44927332361516 0.00712125823296283 6 6
1.400E-06 1.4484086643586 0.0071630529792274 7 6
1.600E-06 1.44725578534985 0.0071446645590379 8 6
1.800E-06 1.44581468658892 0.00715700036443149 9 6
2.000E-06 1.4440853680758 0.00743196200801749 10 6
2.200E-06 1.44120317055394 0.00721522075437318 11 6
2.400E-06 1.43630343476676 0.0073823882106414 12 6
2.600E-06 1.42563930393586 0.00784411625364431 13 6
2.800E-06 1.3968173287172 0.0422229682944607 14 6
3.000E-06 1.46281965196793 0.085392522776968 15 6
3.200E-06 1.4936591654519 0.0335475537536443 16 6
3.400E-06 1.47694241982507 0.0126112709548105 17 6
3.600E-06 1.46685472849854 0.00858887609329446 18 6
3.800E-06 1.46080211370262 0.00809774963556851 19 6
4.000E-06 1.4570552569242 0.00844534265670554 20 6
4.200E-06 1.45446127915452 0.00911228316326531 21 6
4.400E-06 1.45215552113703 0.0101152879008746 22 6
4.600E-06 1.45100264212828 0.0113436804846939 23 6
4.800E-06 1.45100264212828 0.0114295699708455 24 6
5.000E-06 1.44956154336735 0.0106963389212828 25 6
5.200E-06 1.44725578534985 0.0100288219752187 26 6
5.400E-06 1.44379714832362 0.0100979947157434 27 6
5.490E-06 1.44198136388484 0.010429447430758 28 6
5.990E-06 1.43177838465743 0.0367756149781341 29 6
6.490E-06 1.45382719569971 0.0186120061953353 30 6
6.990E-06 1.44737107325073 0.0163379523505831 31 6
7.490E-06 1.44359539449708 0.0164993554118076 32 6
7.990E-06 1.43984853771866 0.0169864467930029 33 6
8.490E-06 1.43610168094023 0.0176464700255102 34 6
8.990E-06 1.43151898688047 0.0186004774052478 35 6
9.490E-06 1.42604281158892 0.0198571155247813 36 6
9.990E-06 1.41889496173469 0.0217046041362974 37 6
10.490E-06 1.40941253188776 0.0261230129373178 38 6
11.990E-06 1.38796898232507 0.0643006013119534 39 6
13.490E-06 1.40673208819242 0.10586188957726 40 6
14.990E-06 1.43353652514577 0.123068608782799 41 6
16.490E-06 1.45691114704811 0.130161696884111 42 6
17.990E-06 1.47769179118076 0.129723602860787 43 6
19.490E-06 1.49299626002187 0.123760336188047 44 6
20.990E-06 1.49622432124636 0.117160103862974 45 6
22.490E-06 1.50184460641399 0.113073147776968 46 6
23.990E-06 1.5060237928207 0.107461509201895 47 6
25.490E-06 1.51005886935131 0.102028566873178 48 6
26.990E-06 1.51294106687318 0.096523569606414 49 6
28.490E-06 1.51441098760933 0.0918255876457727 50 6
29.990E-06 1.51469920736152 0.0883093066690963 51 6
31.490E-06 1.51363279427843 0.0876752232142858 52 6
41.490E-06 1.50611025874636 0.112663875728863 53 6
51.490E-06 1.53006132015306 0.149008386479592 54 6
0.200E-06 1.46904252400549 0.00702335235939643 1 7
0.400E-06 1.45207544581619 0.00702332016957476 2 7
0.600E-06 1.44999176954733 0.00702332286049383 3 7
0.800E-06 1.4490987654321 0.00702335682441701 4 7
1.000E-06 1.44850342935528 0.00702417987654321 5 7
1.200E-06 1.44761042524005 0.00702688865569273 6 7
1.400E-06 1.44671742112483 0.00707005349794239 7 7
1.600E-06 1.44552674897119 0.00705106227709191 8 7
1.800E-06 1.44403840877915 0.0070638024691358 9 7
2.000E-06 1.4422524005487 0.00734777777777778 10 7
2.200E-06 1.43927572016461 0.00712393141289438 11 7
2.400E-06 1.43421536351166 0.00729657887517147 12 7
2.600E-06 1.42320164609053 0.00777344307270233 13 7
2.800E-06 1.39343484224966 0.0432792866941015 14 7
3.000E-06 1.46160082304527 0.0878640054869684 15 7
3.200E-06 1.49345130315501 0.0343194787379973 16 7
3.400E-06 1.4761865569273 0.0126968724279835 17 7
3.600E-06 1.46576817558299 0.00854261728395062 18 7
3.800E-06 1.45951714677641 0.00803539094650206 19 7
4.000E-06 1.45564746227709 0.00839437860082305 20 7
4.200E-06 1.45296844993141 0.00908318244170096 21 7
4.400E-06 1.45058710562414 0.0101190672153635 22 7
4.600E-06 1.44939643347051 0.0113877283950617 23 7
4.800E-06 1.44939643347051 0.0114764334705075 24 7
5.000E-06 1.44790809327846 0.0107191659807956 25 7
5.200E-06 1.44552674897119 0.0100297668038409 26 7
5.400E-06 1.44195473251029 0.010101207133059 27 7
5.490E-06 1.44007942386831 0.0104435253772291 28 7
5.990E-06 1.42954197530864 0.0376533607681756 29 7
6.490E-06 1.45231358024691 0.0188943209876543 30 7
6.990E-06 1.44564581618656 0.0165457201646091 31 7
7.490E-06 1.4417463648834 0.016712414266118 32 7
7.990E-06 1.43787668038409 0.0172154732510288 33 7
8.490E-06 1.43400699588477 0.0178971330589849 34 7
8.990E-06 1.42927407407407 0.018882414266118 35 7
9.490E-06 1.42361838134431 0.0201802469135802 36 7
9.990E-06 1.41623621399177 0.0220882990397805 37 7
10.490E-06 1.40644293552812 0.0266515500685871 38 7
11.990E-06 1.38429643347051 0.066080658436214 39 7
13.490E-06 1.40367462277092 0.10900438957476 40 7
14.990E-06 1.43135775034294 0.126775171467764 41 7
16.490E-06 1.45549862825789 0.134100781893004 42 7
17.990E-06 1.47696049382716 0.133648326474623 43 7
19.490E-06 1.49276666666667 0.127489574759945 44 7
20.990E-06 1.49610054869684 0.120672976680384 45 7
22.490E-06 1.50190507544582 0.116452043895748 46 7
23.990E-06 1.50622126200274 0.110656447187929 47 7
25.490E-06 1.51038861454047 0.105045404663923 48 7
26.990E-06 1.51336529492455 0.0993599451303155 49 7
28.490E-06 1.51488340192044 0.0945079561042524 50 7
29.990E-06 1.51518106995885 0.0908764060356653 51 7
31.490E-06 1.51407969821674 0.090221536351166 52 7
41.490E-06 1.50631056241427 0.116029355281207 53 7
51.490E-06 1.53104677640604 0.153565294924554 54 7
0.200E-06 1.46807721687688 0.00693053538725911 1 8
0.400E-06 1.45058107612671 0.00693050219370366 2 8
0.600E-06 1.44843242726265 0.00693050496853019 3 8
0.800E-06 1.44751157774949 0.00693053999150667 4 8
1.000E-06 1.44689767807404 0.00693138870780797 5 8
1.200E-06 1.44597682856087 0.00693418195133125 6 8
1.400E-06 1.44505597904771 0.00697869274729936 7 8
1.600E-06 1.44382817969682 0.00695910934765268 8 8
1.800E-06 1.44229343050821 0.00697224680070719 9 8
2.000E-06 1.44045173148187 0.00726507694589427 10 8
2.200E-06 1.43738223310465 0.0070342506679271 11 8
2.400E-06 1.43216408586337 0.00721228157380603 12 8
2.600E-06 1.42080694186765 0.00770401521383716 13 8
2.800E-06 1.39011195809542 0.0443169918573536 14 8
3.000E-06 1.46040347093382 0.0902919385514004 15 8
3.200E-06 1.49324710357011 0.0350778017419123 16 8
3.400E-06 1.47544401298222 0.0127809655297641 17 8
3.600E-06 1.46470076866194 0.0084971735945116 18 8
3.800E-06 1.45825482206977 0.00797413107103279 19 8
4.000E-06 1.45426447417938 0.00834431257532589 20 8
4.200E-06 1.45150192563988 0.0090545944998153 21 8
4.400E-06 1.4490463269381 0.0101227799350889 22 8
4.600E-06 1.44781852758721 0.0114310001434614 23 8
4.800E-06 1.44781852758721 0.0115224711951026 24 8
5.000E-06 1.4462837783986 0.0107415908079371 25 8
5.200E-06 1.44382817969682 0.0100306949837722 26 8
5.400E-06 1.44014478164415 0.0101043629448256 27 8
5.490E-06 1.4382109976665 0.0104573552582062 28 8
5.990E-06 1.42734497341113 0.0385156399244021 29 8
6.490E-06 1.45082663599689 0.0191716611511425 30 8
6.990E-06 1.44395095963191 0.0167498269315135 31 8
7.490E-06 1.43992991675775 0.016921718840638 32 8
7.990E-06 1.43593956886736 0.0174404640663887 33 8
8.490E-06 1.43194922097697 0.0181433791947727 34 8
8.990E-06 1.42706871855718 0.0191593831576336 35 8
9.490E-06 1.42123667164046 0.0204976844501028 36 8
9.990E-06 1.41362431566494 0.0224652329099028 37 8
10.490E-06 1.40352566600388 0.0271707739221857 38 8
11.990E-06 1.38068859807734 0.0678293494268821 39 8
13.490E-06 1.40067103251306 0.112091516026438 40 8
14.990E-06 1.42921736742124 0.13041642133846 41 8
16.490E-06 1.45411099926052 0.137970456844806 42 8
17.990E-06 1.47624208256029 0.137503893091468 43 8
19.490E-06 1.49254111894335 0.131153100948994 44 8
20.990E-06 1.49597895712584 0.124123949665153 45 8
22.490E-06 1.50196447896142 0.11977140096625 46 8
23.990E-06 1.5064152516084 0.113795087625797 47 8
25.490E-06 1.51071254933651 0.108009083184732 48 8
26.990E-06 1.51378204771373 0.102146341284236 49 8
28.490E-06 1.51534749188612 0.0971430589293622 50 8
29.990E-06 1.51565444172384 0.0933982709091501 51 8
31.490E-06 1.51451872732427 0.092722981266161 52 8
41.490E-06 1.50650733655971 0.119335532196685 53 8
51.490E-06 1.53201486807444 0.158041906733467 54 8
0.200E-06 1.46528143576449 0.00666171323737494 1 9
0.400E-06 1.44625299190465 0.00666167713674478 2 9
0.600E-06 1.44391616546572 0.00666168015458921 3 9
0.800E-06 1.44291466842046 0.00666171824486016 4 9
1.000E-06 1.44224700372363 0.00666264129130354 5 9
1.200E-06 1.44124550667837 0.00666567916567415 6 9
1.400E-06 1.44024400963312 0.00671408819451829 7 9
1.600E-06 1.43890868023944 0.0066927896906892 8 9
1.800E-06 1.43723951849735 0.0067070777152015 9 9
2.000E-06 1.43523652440684 0.0070255537755926 10 9
2.200E-06 1.43189820092266 0.00677451184958201 11 9
2.400E-06 1.42622305099955 0.00696813461166465 12 9
2.600E-06 1.41387125410807 0.00750293403383082 13 9
2.800E-06 1.38048801926623 0.0473224565531703 14 9
3.000E-06 1.45693562705403 0.0973238656992691 15 9
3.200E-06 1.4926556883348 0.0372741028657783 16 9
3.400E-06 1.47329341212653 0.0130245210766702 17 9
3.600E-06 1.46160927993189 0.00836555682214381 18 9
3.800E-06 1.45459880061511 0.00779670650043896 19 9
4.000E-06 1.45025898008567 0.00819930831263148 20 9
4.200E-06 1.4472544889499 0.00897179636687151 21 9
4.400E-06 1.44458383016256 0.0101335329393673 22 9
4.600E-06 1.44324850076888 0.0115563264083263 23 9
4.800E-06 1.44324850076888 0.011655808448155 24 9
5.000E-06 1.44157933902679 0.0108065389537787 25 9
5.200E-06 1.43890868023944 0.0100333832348418 26 9
5.400E-06 1.43490269205842 0.0101135029984622 27 9
5.490E-06 1.43279954826339 0.0104974101991433 28 9
5.990E-06 1.42098188312938 0.0410130251680637 29 9
6.490E-06 1.44652005778338 0.01997491057074 30 9
6.990E-06 1.43904221317881 0.0173409733417193 31 9
7.490E-06 1.43466900941453 0.0175279194568335 32 9
7.990E-06 1.43032918888509 0.0180920961256605 33 9
8.490E-06 1.42598936835565 0.0188565722035385 34 9
8.990E-06 1.4206814340158 0.0199615572768032 35 9
9.490E-06 1.41433861939585 0.0214170663159072 36 9
9.990E-06 1.40605957715508 0.0235569316692687 37 9
10.490E-06 1.39507649289212 0.0286745815705219 38 9
11.990E-06 1.37023936616979 0.072894014442015 39 9
13.490E-06 1.39197185205183 0.12103263908394 40 9
14.990E-06 1.42301826045473 0.140962430284514 41 9
16.490E-06 1.45009206391146 0.14917804437909 42 9
17.990E-06 1.47416137623242 0.148670619209494 43 9
19.490E-06 1.49188787393343 0.141763627920718 44 9
20.990E-06 1.49562679623572 0.134118867141938 45 9
22.490E-06 1.50213652702988 0.129385124441366 46 9
23.990E-06 1.50697709608194 0.122885408617661 47 9
25.490E-06 1.5116507489598 0.116592668849976 48 9
26.990E-06 1.51498907244398 0.110216470995185 49 9
28.490E-06 1.51669161742092 0.104775003715966 50 9
29.990E-06 1.51702544976934 0.100702249065263 51 9
31.490E-06 1.51579027008019 0.0999678178987423 52 9
41.490E-06 1.50707724578647 0.128911082506612 53 9
51.490E-06 1.53481871394003 0.171007341642165 54 9
0.200E-06 1.46349745322861 0.00649017834198266 1 10
0.400E-06 1.44349124970967 0.00649014038635374 2 10
0.600E-06 1.44103434752313 0.00649014355926742 3 10
0.800E-06 1.43998138944319 0.00649018360677306 4 10
1.000E-06 1.43927941738989 0.00649115408313674 5 10
1.200E-06 1.43822645930995 0.00649434805597924 6 10
1.400E-06 1.43717350123 0.00654524453970347 7 10
1.600E-06 1.43576955712341 0.00652285163120333 8 10
1.800E-06 1.43401462699017 0.00653787383314386 9 10
2.000E-06 1.43190871083028 0.00687271450256608 10 10
2.200E-06 1.4283988505638 0.00660877301052676 11 10
2.400E-06 1.42243208811079 0.00681234490598262 12 10
2.600E-06 1.40944560512481 0.00737462452067276 13 10
2.800E-06 1.37434700246001 0.0492402377792494 14 10
3.000E-06 1.4547228025624 0.101810924850591 15 10
3.200E-06 1.49227830741374 0.0386755583771438 16 10
3.400E-06 1.47192111786816 0.0131799334014311 17 10
3.600E-06 1.45963660693548 0.00828157241353126 18 10
3.800E-06 1.45226590037587 0.00768349222412302 19 10
4.000E-06 1.44770308202944 0.00810678137226054 20 10
4.200E-06 1.44454420778961 0.00891896303792408 21 10
4.400E-06 1.44173631957643 0.0101403944106592 22 10
4.600E-06 1.44033237546984 0.0116362968562331 23 10
4.800E-06 1.44033237546984 0.0117408906921742 24 10
5.000E-06 1.4385774453366 0.0108479822403816 25 10
5.200E-06 1.43576955712341 0.0100350986026648 26 10
5.400E-06 1.43155772480363 0.0101193352490603 27 10
5.490E-06 1.42934651283575 0.0105229691797056 28 10
5.990E-06 1.41692160749241 0.0426066018756017 29 10
6.490E-06 1.44377203853099 0.020487462476243 30 10
6.990E-06 1.43590995153407 0.0177181827259901 31 10
7.490E-06 1.43131203458498 0.017914734900913 32 10
7.990E-06 1.42674921623856 0.0185079012859482 33 10
8.490E-06 1.42218639789213 0.0193116592869722 34 10
8.990E-06 1.41660572006843 0.0204734230351771 35 10
9.490E-06 1.40993698556212 0.0220037221113625 36 10
9.990E-06 1.40123253210125 0.0242535425421764 37 10
10.490E-06 1.38968509182453 0.0296341583306906 38 10
11.990E-06 1.36357173144191 0.0761257674204883 39 10
13.490E-06 1.3864209217767 0.126737952463134 40 10
14.990E-06 1.41906262225497 0.147691818254021 41 10
16.490E-06 1.44752758901612 0.156329584369829 42 10
17.990E-06 1.47283368153744 0.155796085609324 43 10
19.490E-06 1.49147103955245 0.148534184717976 44 10
20.990E-06 1.49540208305091 0.140496604707736 45 10
22.490E-06 1.50224631057055 0.135519622849867 46 10
23.990E-06 1.50733560795694 0.12868592491103 47 10
25.490E-06 1.51224941233002 0.122069838308715 48 10
26.990E-06 1.5157592725965 0.115366005199738 49 10
28.490E-06 1.5175493013324 0.109644932965375 50 10
29.990E-06 1.51790028735905 0.105362903440269 51 10
31.490E-06 1.51660163906045 0.104590734181643 52 10
41.490E-06 1.50744090376494 0.135021222692027 53 10
51.490E-06 1.53660784257939 0.179280560652343 54 10
0.200E-06 1.46093453786901 0.00624374688356676 1 11
0.400E-06 1.43952365958568 0.00624370626299873 2 11
0.600E-06 1.43689425348071 0.0062437096586889 3 11
0.800E-06 1.43576736515001 0.00624375251800841 4 11
1.000E-06 1.43501610626287 0.00624479113341987 5 11
1.200E-06 1.43388921793217 0.00624820936135633 6 11
1.400E-06 1.43276232960147 0.00630267938696801 7 11
1.600E-06 1.4312598118272 0.00627871422846843 8 11
1.800E-06 1.42938166460937 0.0062947911686531 9 11
2.000E-06 1.42712788794796 0.00665314165781621 10 11
2.200E-06 1.42337159351229 0.00637066831625368 11 11
2.400E-06 1.41698589297165 0.00658853339352266 12 11
2.600E-06 1.40308760355966 0.00719029176211732 13 11
2.800E-06 1.36552465920294 0.0519953717908134 14 11
3.000E-06 1.45154380177983 0.108257149848309 15 11
3.200E-06 1.49173615224152 0.0406889255394405 16 11
3.400E-06 1.46994964451462 0.0134032027587189 17 11
3.600E-06 1.45680261398977 0.00816091824429497 18 11
3.800E-06 1.44891439567486 0.00752084567245646 19 11
4.000E-06 1.44403121290849 0.0079738547813985 20 11
4.200E-06 1.44065054791638 0.00884306131381301 21 11
4.400E-06 1.43764551236784 0.0101502517774269 22 11
4.600E-06 1.43614299459358 0.0117511844659103 23 11
4.800E-06 1.43614299459358 0.0118631220400933 24 11
5.000E-06 1.43426484737574 0.0109075207356584 25 11
5.200E-06 1.4312598118272 0.0100375629443567 26 11
5.400E-06 1.4267522585044 0.0101277140108128 27 11
5.490E-06 1.42438579300992 0.0105596878709151 28 11
5.990E-06 1.41108851070764 0.0448959753073932 29 11
6.490E-06 1.43982416314053 0.021223807773788 30 11
6.990E-06 1.43141006360463 0.0182600914640428 31 11
7.490E-06 1.4264893178939 0.0184704439524404 32 11
7.990E-06 1.42160613512752 0.019105257712069 33 11
8.490E-06 1.41672295236115 0.0199654491378379 34 11
8.990E-06 1.41075044420843 0.0212087825960454 35 11
9.490E-06 1.40361348478066 0.0228465269699984 36 11
9.990E-06 1.39429787458019 0.0252543117032641 37 11
10.490E-06 1.38193966588683 0.0310127110731494 38 11
11.990E-06 1.35399283528543 0.0807685871680612 39 11
13.490E-06 1.37844631206165 0.134934352930452 40 11
14.990E-06 1.4133798503134 0.157359430711414 41 11
16.490E-06 1.4438433981867 0.166603671317603 42 11
17.990E-06 1.4709262810679 0.166032714563381 43 11
19.490E-06 1.49087220452132 0.158260941375975 44 11
20.990E-06 1.49507925428927 0.149659027118286 45 11
22.490E-06 1.50240402843883 0.144332601608503 46 11
23.990E-06 1.50785065537055 0.13701909634225 47 11
25.490E-06 1.5131094675805 0.129938481331008 48 11
26.990E-06 1.51686576201617 0.122763958958875 49 11
28.490E-06 1.51878147217836 0.116641199028729 50 11
29.990E-06 1.51915710162193 0.112058519817209 51 11
31.490E-06 1.51776727268073 0.111232135041361 52 11
41.490E-06 1.50796334420362 0.143799207798638 53 11
51.490E-06 1.53917815096406 0.191166080632462 54 11
0.200E-06 1.45929761075865 0.00608635177739691 1 12
0.400E-06 1.43698957050137 0.00608630945473948 2 12
0.600E-06 1.43424998661012 0.00608631299271639 3 12
0.800E-06 1.43307587922816 0.00608635764793382 4 12
1.000E-06 1.43229314097352 0.00608743978357086 5 12
1.200E-06 1.43111903359156 0.00609100124262948 6 12
1.400E-06 1.42994492620959 0.00614775367978226 7 12
1.600E-06 1.42837944970031 0.0061227843294592 8 12
1.800E-06 1.42642260406371 0.00613953492810852 9 12
2.000E-06 1.42407438929978 0.00651290107557248 10 12
2.200E-06 1.42016069802658 0.0062185914918273 11 12
2.400E-06 1.41350742286212 0.00644558558567332 12 12
2.600E-06 1.39902676515126 0.00707255892764109 13 12
2.800E-06 1.35988985241919 0.0537550684344553 14 12
3.000E-06 1.44951338257563 0.112374336324551 15 12
3.200E-06 1.49138987919894 0.041974857702102 16 12
3.400E-06 1.46869046981434 0.0135458042935256 17 12
3.600E-06 1.45499255035812 0.00808385675263781 18 12
3.800E-06 1.44677379868438 0.00741696375968332 19 12
4.000E-06 1.44168600002921 0.00788895492723209 20 12
4.200E-06 1.43816367788333 0.00879458308785221 21 12
4.400E-06 1.43503272486476 0.0101565476509283 22 12
4.600E-06 1.43346724835548 0.0118245628715691 23 12
4.800E-06 1.43346724835548 0.0119411908715107 24 12
5.000E-06 1.43151040271888 0.0109455478116068 25 12
5.200E-06 1.42837944970031 0.0100391369127321 26 12
5.400E-06 1.42368302017246 0.010133065503289 27 12
5.490E-06 1.42121739467034 0.0105831399997079 28 12
5.990E-06 1.40736292756319 0.0463581919280939 29 12
6.490E-06 1.43730266580322 0.0216941095243428 30 12
6.990E-06 1.42853599735124 0.0186062071097824 31 12
7.490E-06 1.42340906178334 0.018825373821082 32 12
7.990E-06 1.41832126312817 0.019486787646254 33 12
8.490E-06 1.413233464473 0.0203830229478184 34 12
8.990E-06 1.4070106953486 0.02167845475925 35 12
9.490E-06 1.39957468192951 0.0233848241543683 36 12
9.990E-06 1.38986872757195 0.025893500260494 37 12
10.490E-06 1.3769926832831 0.0318931889823205 38 12
11.990E-06 1.34787482021044 0.0837339435872217 39 12
13.490E-06 1.37335295039902 0.140169371746868 40 12
14.990E-06 1.40975027923984 0.163534108647914 41 12
16.490E-06 1.44149031546555 0.173165702871277 42 12
17.990E-06 1.46970802954538 0.172570821797749 43 12
19.490E-06 1.49048973020611 0.164473394553484 44 12
20.990E-06 1.4948730644321 0.15551104153784 45 12
22.490E-06 1.50250476241485 0.149961427312432 46 12
23.990E-06 1.508179614761 0.142341470403498 47 12
25.490E-06 1.51365878254349 0.134964162353503 48 12
26.990E-06 1.5175724738167 0.127489012021677 49 12
28.490E-06 1.51956845636604 0.121109695246349 50 12
29.990E-06 1.51995982549336 0.116334991893037 51 12
31.490E-06 1.51851175972227 0.115473979812931 52 12
41.490E-06 1.5082970254992 0.149405683151637 53 12
51.490E-06 1.54081979997955 0.198757330106778 54 12
