Refractive index for 75% concentrated sulphuric acid from Palmer and Williams (1975) and Lund Meyrhe et al (2003).
Wavelength(m)  Real Part  Imaginary Part
3.597122e-07   1.452   1.949e-15
4.081633e-07   1.438   1.002e-13
4.494382e-07   1.432   1.471e-12
5.555556e-07   1.431   2.352e-10
7.017544e-07   1.428   2.070e-08
7.142857e-07   1.427   2.790e-08
7.246377e-07   1.427   3.580e-08
7.352941e-07   1.427   4.800e-08
7.462687e-07   1.427   6.830e-08
7.575758e-07   1.427   7.840e-08
7.692308e-07   1.427   8.200e-08
7.812500e-07   1.427   8.390e-08
7.936508e-07   1.427   8.460e-08
8.064516e-07   1.427   8.790e-08
8.196721e-07   1.427   9.980e-08
8.333333e-07   1.426   1.240e-07
8.474576e-07   1.426   1.580e-07
8.620690e-07   1.425   1.830e-07
8.771930e-07   1.425   2.020e-07
8.928571e-07   1.425   2.330e-07
9.090909e-07   1.424   2.840e-07
9.259259e-07   1.424   3.620e-07
9.433962e-07   1.423   6.050e-07
9.615385e-07   1.423   1.030e-06
9.803922e-07   1.422   1.410e-06
1.000000e-06   1.422   1.530e-06
1.020408e-06   1.421   1.520e-06
1.041667e-06   1.421   1.480e-06
1.063830e-06   1.420   1.500e-06
1.086957e-06   1.419   1.600e-06
1.111111e-06   1.418   1.840e-06
1.136364e-06   1.417   2.460e-06
1.162791e-06   1.416   4.050e-06
1.190476e-06   1.416   4.950e-06
1.219512e-06   1.415   5.630e-06
1.250000e-06   1.413   6.940e-06
1.265823e-06   1.413   7.750e-06
1.282051e-06   1.412   8.930e-06
1.298701e-06   1.411   1.050e-05
1.315789e-06   1.411   1.270e-05
1.333333e-06   1.410   1.590e-05
1.351351e-06   1.410   1.980e-05
1.369863e-06   1.409   2.590e-05
1.388889e-06   1.408   3.890e-05
1.408451e-06   1.407   6.160e-05
1.428571e-06   1.406   8.780e-05
1.449275e-06   1.406   1.020e-04
1.470588e-06   1.405   1.100e-04
1.492537e-06   1.404   1.170e-04
1.515152e-06   1.403   1.250e-04
1.538462e-06   1.403   1.380e-04
1.562500e-06   1.402   1.550e-04
1.587302e-06   1.400   1.760e-04
1.612903e-06   1.399   2.020e-04
1.639344e-06   1.398   2.340e-04
1.666667e-06   1.398   2.720e-04
1.694915e-06   1.397   3.140e-04
1.724138e-06   1.396   3.610e-04
1.754386e-06   1.394   4.240e-04
1.785714e-06   1.393   4.860e-04
1.818182e-06   1.392   5.370e-04
1.851852e-06   1.391   5.950e-04
1.886792e-06   1.389   7.960e-04
1.923077e-06   1.388   1.110e-03
1.960784e-06   1.386   1.240e-03
2.000000e-06   1.384   1.260e-03
2.040816e-06   1.382   1.300e-03
2.083333e-06   1.380   1.350e-03
2.127660e-06   1.377   1.430e-03
2.173913e-06   1.374   1.540e-03
2.222222e-06   1.370   1.670e-03
2.272727e-06   1.367   1.860e-03
2.325581e-06   1.362   2.090e-03
2.380952e-06   1.358   2.410e-03
2.439024e-06   1.352   2.970e-03
2.500000e-06   1.344   3.760e-03
2.564103e-06   1.332   4.332e-03
2.631579e-06   1.320   4.991e-03
2.688172e-06   1.308   5.590e-03
2.724796e-06   1.293   6.000e-03
2.762431e-06   1.279   1.900e-02
2.770083e-06   1.277   2.300e-02
2.832861e-06   1.272   5.200e-02
2.840909e-06   1.273   5.600e-02
2.881844e-06   1.277   7.300e-02
2.915452e-06   1.284   8.200e-02
2.941176e-06   1.288   8.600e-02
2.985075e-06   1.292   9.300e-02
3.000561e-06   1.270   1.045e-01
3.001912e-06   1.270   1.048e-01
3.003264e-06   1.270   1.051e-01
3.004618e-06   1.270   1.053e-01
3.005973e-06   1.270   1.056e-01
3.007329e-06   1.270   1.060e-01
3.008686e-06   1.270   1.063e-01
3.010045e-06   1.270   1.066e-01
3.011405e-06   1.270   1.069e-01
3.012766e-06   1.271   1.073e-01
3.014128e-06   1.271   1.076e-01
3.015491e-06   1.271   1.080e-01
3.016856e-06   1.271   1.083e-01
3.018222e-06   1.271   1.086e-01
3.019589e-06   1.271   1.089e-01
3.020958e-06   1.271   1.093e-01
3.022327e-06   1.271   1.096e-01
3.023698e-06   1.271   1.099e-01
3.025070e-06   1.271   1.102e-01
3.026444e-06   1.271   1.106e-01
3.027818e-06   1.271   1.109e-01
3.029194e-06   1.271   1.112e-01
3.030571e-06   1.271   1.115e-01
3.031950e-06   1.271   1.119e-01
3.033329e-06   1.271   1.122e-01
3.034710e-06   1.271   1.125e-01
3.036092e-06   1.271   1.129e-01
3.037476e-06   1.271   1.132e-01
3.038860e-06   1.271   1.135e-01
3.040246e-06   1.271   1.139e-01
3.041634e-06   1.271   1.142e-01
3.043022e-06   1.271   1.146e-01
3.044412e-06   1.271   1.150e-01
3.045803e-06   1.271   1.153e-01
3.047195e-06   1.271   1.157e-01
3.048589e-06   1.271   1.161e-01
3.049983e-06   1.271   1.164e-01
3.051380e-06   1.271   1.168e-01
3.052777e-06   1.271   1.172e-01
3.054176e-06   1.271   1.175e-01
3.055576e-06   1.271   1.179e-01
3.056977e-06   1.271   1.182e-01
3.058379e-06   1.271   1.186e-01
3.059783e-06   1.271   1.190e-01
3.061188e-06   1.271   1.193e-01
3.062595e-06   1.271   1.197e-01
3.064002e-06   1.271   1.201e-01
3.065411e-06   1.271   1.205e-01
3.066821e-06   1.271   1.208e-01
3.068233e-06   1.271   1.212e-01
3.069646e-06   1.271   1.216e-01
3.071060e-06   1.271   1.219e-01
3.072476e-06   1.271   1.223e-01
3.073892e-06   1.271   1.227e-01
3.075310e-06   1.271   1.230e-01
3.076730e-06   1.271   1.234e-01
3.078150e-06   1.271   1.238e-01
3.079572e-06   1.271   1.242e-01
3.080996e-06   1.271   1.246e-01
3.082420e-06   1.271   1.250e-01
3.083846e-06   1.271   1.254e-01
3.085274e-06   1.271   1.258e-01
3.086702e-06   1.271   1.262e-01
3.088132e-06   1.272   1.266e-01
3.089563e-06   1.272   1.270e-01
3.090996e-06   1.272   1.274e-01
3.092430e-06   1.272   1.278e-01
3.093865e-06   1.272   1.282e-01
3.095302e-06   1.272   1.286e-01
3.096740e-06   1.272   1.290e-01
3.098179e-06   1.272   1.294e-01
3.099620e-06   1.272   1.298e-01
3.101061e-06   1.272   1.302e-01
3.102505e-06   1.272   1.306e-01
3.103949e-06   1.272   1.310e-01
3.105395e-06   1.272   1.315e-01
3.106843e-06   1.272   1.319e-01
3.108291e-06   1.272   1.323e-01
3.109741e-06   1.272   1.327e-01
3.111193e-06   1.272   1.331e-01
3.112645e-06   1.272   1.336e-01
3.114099e-06   1.272   1.340e-01
3.115555e-06   1.272   1.344e-01
3.117012e-06   1.272   1.348e-01
3.118470e-06   1.272   1.353e-01
3.119929e-06   1.272   1.357e-01
3.121390e-06   1.272   1.361e-01
3.122852e-06   1.273   1.366e-01
3.124316e-06   1.273   1.370e-01
3.125781e-06   1.273   1.374e-01
3.127247e-06   1.273   1.379e-01
3.128715e-06   1.273   1.383e-01
3.130184e-06   1.273   1.388e-01
3.131655e-06   1.273   1.392e-01
3.133127e-06   1.273   1.396e-01
3.134600e-06   1.273   1.401e-01
3.136075e-06   1.273   1.405e-01
3.137551e-06   1.273   1.409e-01
3.139028e-06   1.273   1.414e-01
3.140507e-06   1.273   1.418e-01
3.141987e-06   1.274   1.423e-01
3.143469e-06   1.274   1.427e-01
3.144952e-06   1.274   1.432e-01
3.146436e-06   1.274   1.436e-01
3.147922e-06   1.274   1.441e-01
3.149409e-06   1.274   1.445e-01
3.150898e-06   1.274   1.450e-01
3.152388e-06   1.274   1.454e-01
3.153879e-06   1.274   1.459e-01
3.155372e-06   1.274   1.463e-01
3.156867e-06   1.274   1.468e-01
3.158362e-06   1.275   1.473e-01
3.159859e-06   1.275   1.477e-01
3.161358e-06   1.275   1.482e-01
3.162858e-06   1.275   1.487e-01
3.164359e-06   1.275   1.492e-01
3.165862e-06   1.275   1.496e-01
3.167366e-06   1.275   1.501e-01
3.168872e-06   1.275   1.505e-01
3.170379e-06   1.275   1.510e-01
3.171888e-06   1.276   1.515e-01
3.173397e-06   1.276   1.520e-01
3.174909e-06   1.276   1.525e-01
3.176422e-06   1.276   1.529e-01
3.177936e-06   1.276   1.534e-01
3.179452e-06   1.276   1.540e-01
3.180969e-06   1.276   1.545e-01
3.182488e-06   1.276   1.550e-01
3.184008e-06   1.277   1.555e-01
3.185529e-06   1.277   1.560e-01
3.187052e-06   1.277   1.565e-01
3.188577e-06   1.277   1.570e-01
3.190102e-06   1.277   1.575e-01
3.191630e-06   1.278   1.580e-01
3.193159e-06   1.278   1.585e-01
3.194689e-06   1.278   1.590e-01
3.196221e-06   1.278   1.595e-01
3.197754e-06   1.278   1.600e-01
3.199289e-06   1.279   1.605e-01
3.200825e-06   1.279   1.610e-01
3.202362e-06   1.279   1.615e-01
3.203902e-06   1.279   1.620e-01
3.205442e-06   1.279   1.624e-01
3.206984e-06   1.280   1.629e-01
3.208528e-06   1.280   1.634e-01
3.210073e-06   1.280   1.638e-01
3.211619e-06   1.280   1.643e-01
3.213167e-06   1.281   1.648e-01
3.214717e-06   1.281   1.653e-01
3.216268e-06   1.281   1.658e-01
3.217820e-06   1.281   1.663e-01
3.219375e-06   1.281   1.667e-01
3.220930e-06   1.282   1.672e-01
3.222487e-06   1.282   1.677e-01
3.224046e-06   1.282   1.682e-01
3.225606e-06   1.282   1.687e-01
3.227167e-06   1.283   1.692e-01
3.228730e-06   1.283   1.696e-01
3.230295e-06   1.283   1.701e-01
3.231861e-06   1.283   1.706e-01
3.233429e-06   1.284   1.711e-01
3.234998e-06   1.284   1.716e-01
3.236568e-06   1.284   1.720e-01
3.238141e-06   1.285   1.725e-01
3.239714e-06   1.285   1.730e-01
3.241289e-06   1.285   1.735e-01
3.242866e-06   1.285   1.739e-01
3.244445e-06   1.286   1.744e-01
3.246024e-06   1.286   1.748e-01
3.247606e-06   1.286   1.753e-01
3.249189e-06   1.287   1.758e-01
3.250773e-06   1.287   1.762e-01
3.252359e-06   1.287   1.767e-01
3.253947e-06   1.288   1.772e-01
3.255536e-06   1.288   1.776e-01
3.257127e-06   1.288   1.781e-01
3.258719e-06   1.288   1.786e-01
3.260313e-06   1.289   1.790e-01
3.261908e-06   1.289   1.795e-01
3.263505e-06   1.290   1.799e-01
3.265103e-06   1.290   1.804e-01
3.266703e-06   1.290   1.808e-01
3.268305e-06   1.291   1.812e-01
3.269908e-06   1.291   1.817e-01
3.271513e-06   1.291   1.821e-01
3.273119e-06   1.292   1.825e-01
3.274727e-06   1.292   1.830e-01
3.276337e-06   1.292   1.834e-01
3.277948e-06   1.293   1.839e-01
3.279560e-06   1.293   1.843e-01
3.281175e-06   1.293   1.847e-01
3.282790e-06   1.294   1.852e-01
3.284408e-06   1.294   1.856e-01
3.286027e-06   1.294   1.861e-01
3.287647e-06   1.295   1.865e-01
3.289270e-06   1.295   1.869e-01
3.290894e-06   1.295   1.873e-01
3.292519e-06   1.296   1.878e-01
3.294146e-06   1.296   1.882e-01
3.295775e-06   1.297   1.886e-01
3.297405e-06   1.297   1.890e-01
3.299037e-06   1.297   1.894e-01
3.300670e-06   1.298   1.898e-01
3.302305e-06   1.298   1.902e-01
3.303942e-06   1.298   1.907e-01
3.305580e-06   1.299   1.911e-01
3.307220e-06   1.299   1.915e-01
3.308862e-06   1.300   1.920e-01
3.310505e-06   1.300   1.924e-01
3.312150e-06   1.300   1.928e-01
3.313796e-06   1.301   1.933e-01
3.315445e-06   1.301   1.937e-01
3.317094e-06   1.302   1.941e-01
3.318746e-06   1.302   1.945e-01
3.320399e-06   1.303   1.948e-01
3.322054e-06   1.303   1.952e-01
3.323710e-06   1.304   1.956e-01
3.325368e-06   1.304   1.960e-01
3.327028e-06   1.304   1.964e-01
3.328689e-06   1.305   1.968e-01
3.330352e-06   1.305   1.972e-01
3.332016e-06   1.306   1.976e-01
3.333683e-06   1.306   1.980e-01
3.335351e-06   1.307   1.984e-01
3.337020e-06   1.307   1.988e-01
3.338692e-06   1.308   1.992e-01
3.340365e-06   1.308   1.996e-01
3.342039e-06   1.309   1.999e-01
3.343716e-06   1.309   2.003e-01
3.345394e-06   1.310   2.006e-01
3.347073e-06   1.310   2.010e-01
3.348755e-06   1.311   2.013e-01
3.350438e-06   1.311   2.016e-01
3.352123e-06   1.312   2.020e-01
3.353809e-06   1.312   2.023e-01
3.355497e-06   1.313   2.026e-01
3.357187e-06   1.313   2.029e-01
3.358879e-06   1.314   2.032e-01
3.360572e-06   1.314   2.035e-01
3.362267e-06   1.315   2.038e-01
3.363964e-06   1.315   2.041e-01
3.365662e-06   1.316   2.044e-01
3.367362e-06   1.316   2.047e-01
3.369064e-06   1.317   2.050e-01
3.370768e-06   1.317   2.053e-01
3.372473e-06   1.318   2.056e-01
3.374180e-06   1.318   2.059e-01
3.375889e-06   1.319   2.062e-01
3.377599e-06   1.319   2.065e-01
3.379312e-06   1.320   2.068e-01
3.381026e-06   1.320   2.071e-01
3.382741e-06   1.321   2.074e-01
3.384459e-06   1.321   2.077e-01
3.386178e-06   1.322   2.079e-01
3.387899e-06   1.322   2.082e-01
3.389622e-06   1.323   2.085e-01
3.391346e-06   1.324   2.087e-01
3.393072e-06   1.324   2.090e-01
3.394800e-06   1.325   2.093e-01
3.396530e-06   1.325   2.095e-01
3.398261e-06   1.326   2.098e-01
3.399995e-06   1.326   2.100e-01
3.401730e-06   1.327   2.103e-01
3.403466e-06   1.327   2.105e-01
3.405205e-06   1.328   2.108e-01
3.406945e-06   1.329   2.111e-01
3.408687e-06   1.329   2.113e-01
3.410431e-06   1.330   2.115e-01
3.412177e-06   1.330   2.118e-01
3.413924e-06   1.331   2.120e-01
3.415674e-06   1.332   2.122e-01
3.417425e-06   1.332   2.124e-01
3.419178e-06   1.333   2.125e-01
3.420932e-06   1.334   2.126e-01
3.422689e-06   1.334   2.127e-01
3.424447e-06   1.335   2.128e-01
3.426207e-06   1.336   2.128e-01
3.427969e-06   1.336   2.128e-01
3.429733e-06   1.337   2.128e-01
3.431498e-06   1.337   2.128e-01
3.433265e-06   1.338   2.129e-01
3.435035e-06   1.338   2.129e-01
3.436805e-06   1.339   2.129e-01
3.438578e-06   1.339   2.130e-01
3.440353e-06   1.340   2.130e-01
3.442129e-06   1.340   2.131e-01
3.443908e-06   1.341   2.132e-01
3.445688e-06   1.341   2.134e-01
3.447470e-06   1.342   2.135e-01
3.449254e-06   1.342   2.136e-01
3.451039e-06   1.343   2.138e-01
3.452827e-06   1.343   2.139e-01
3.454616e-06   1.344   2.140e-01
3.456407e-06   1.344   2.142e-01
3.458200e-06   1.345   2.143e-01
3.459995e-06   1.345   2.144e-01
3.461792e-06   1.346   2.146e-01
3.463591e-06   1.346   2.147e-01
3.465391e-06   1.347   2.148e-01
3.467194e-06   1.347   2.150e-01
3.468998e-06   1.348   2.151e-01
3.470804e-06   1.348   2.152e-01
3.472612e-06   1.349   2.153e-01
3.474422e-06   1.350   2.154e-01
3.476234e-06   1.350   2.155e-01
3.478048e-06   1.351   2.155e-01
3.479863e-06   1.351   2.156e-01
3.481681e-06   1.352   2.156e-01
3.483500e-06   1.353   2.157e-01
3.485321e-06   1.353   2.157e-01
3.487145e-06   1.354   2.158e-01
3.488970e-06   1.354   2.158e-01
3.490797e-06   1.355   2.158e-01
3.492626e-06   1.355   2.159e-01
3.494457e-06   1.356   2.159e-01
3.496289e-06   1.357   2.159e-01
3.498124e-06   1.357   2.159e-01
3.499961e-06   1.358   2.158e-01
3.501799e-06   1.359   2.158e-01
3.503640e-06   1.359   2.157e-01
3.505482e-06   1.360   2.156e-01
3.507327e-06   1.361   2.155e-01
3.509173e-06   1.361   2.153e-01
3.511021e-06   1.362   2.151e-01
3.512871e-06   1.362   2.150e-01
3.514724e-06   1.363   2.148e-01
3.516578e-06   1.363   2.147e-01
3.518434e-06   1.364   2.146e-01
3.520292e-06   1.364   2.145e-01
3.522152e-06   1.364   2.144e-01
3.524014e-06   1.365   2.143e-01
3.525878e-06   1.365   2.143e-01
3.527744e-06   1.366   2.142e-01
3.529611e-06   1.366   2.141e-01
3.531481e-06   1.367   2.141e-01
3.533353e-06   1.367   2.140e-01
3.535227e-06   1.368   2.139e-01
3.537103e-06   1.368   2.139e-01
3.538980e-06   1.369   2.138e-01
3.540860e-06   1.369   2.137e-01
3.542742e-06   1.370   2.136e-01
3.544626e-06   1.370   2.135e-01
3.546512e-06   1.371   2.134e-01
3.548399e-06   1.371   2.132e-01
3.550289e-06   1.372   2.131e-01
3.552181e-06   1.372   2.130e-01
3.554075e-06   1.373   2.128e-01
3.555971e-06   1.373   2.127e-01
3.557869e-06   1.374   2.125e-01
3.559769e-06   1.374   2.124e-01
3.561671e-06   1.375   2.122e-01
3.563575e-06   1.375   2.120e-01
3.565481e-06   1.376   2.119e-01
3.567389e-06   1.376   2.117e-01
3.569299e-06   1.377   2.115e-01
3.571211e-06   1.377   2.112e-01
3.573125e-06   1.378   2.110e-01
3.575041e-06   1.378   2.108e-01
3.576960e-06   1.379   2.106e-01
3.578880e-06   1.379   2.104e-01
3.580802e-06   1.380   2.102e-01
3.582727e-06   1.380   2.100e-01
3.584654e-06   1.380   2.097e-01
3.586582e-06   1.381   2.095e-01
3.588513e-06   1.381   2.093e-01
3.590446e-06   1.382   2.091e-01
3.592381e-06   1.382   2.089e-01
3.594318e-06   1.382   2.087e-01
3.596257e-06   1.383   2.084e-01
3.598198e-06   1.383   2.082e-01
3.600141e-06   1.384   2.080e-01
3.602086e-06   1.384   2.077e-01
3.604034e-06   1.384   2.075e-01
3.605983e-06   1.385   2.072e-01
3.607935e-06   1.385   2.070e-01
3.609889e-06   1.386   2.067e-01
3.611845e-06   1.386   2.065e-01
3.613803e-06   1.386   2.062e-01
3.615763e-06   1.387   2.059e-01
3.617725e-06   1.387   2.057e-01
3.619690e-06   1.387   2.054e-01
3.621656e-06   1.388   2.051e-01
3.623625e-06   1.388   2.049e-01
3.625596e-06   1.388   2.046e-01
3.627569e-06   1.389   2.043e-01
3.629544e-06   1.389   2.041e-01
3.631521e-06   1.389   2.038e-01
3.633500e-06   1.390   2.035e-01
3.635482e-06   1.390   2.032e-01
3.637466e-06   1.390   2.029e-01
3.639452e-06   1.390   2.026e-01
3.641440e-06   1.391   2.023e-01
3.643430e-06   1.391   2.020e-01
3.645422e-06   1.391   2.017e-01
3.647417e-06   1.391   2.014e-01
3.649414e-06   1.392   2.011e-01
3.651413e-06   1.392   2.008e-01
3.653414e-06   1.392   2.005e-01
3.655417e-06   1.392   2.003e-01
3.657423e-06   1.392   2.000e-01
3.659431e-06   1.393   1.997e-01
3.661441e-06   1.393   1.995e-01
3.663453e-06   1.393   1.992e-01
3.665467e-06   1.393   1.990e-01
3.667484e-06   1.393   1.987e-01
3.669503e-06   1.394   1.984e-01
3.671524e-06   1.394   1.982e-01
3.673547e-06   1.394   1.979e-01
3.675572e-06   1.394   1.977e-01
3.677600e-06   1.394   1.974e-01
3.679630e-06   1.394   1.972e-01
3.681662e-06   1.395   1.970e-01
3.683697e-06   1.395   1.967e-01
3.685734e-06   1.395   1.965e-01
3.687772e-06   1.395   1.963e-01
3.689814e-06   1.395   1.961e-01
3.691857e-06   1.395   1.959e-01
3.693903e-06   1.395   1.957e-01
3.695951e-06   1.395   1.955e-01
3.698001e-06   1.396   1.953e-01
3.700054e-06   1.396   1.951e-01
3.702109e-06   1.396   1.949e-01
3.704166e-06   1.396   1.947e-01
3.706225e-06   1.396   1.945e-01
3.708287e-06   1.396   1.943e-01
3.710351e-06   1.396   1.942e-01
3.712417e-06   1.396   1.940e-01
3.714486e-06   1.397   1.938e-01
3.716557e-06   1.397   1.937e-01
3.718630e-06   1.397   1.935e-01
3.720706e-06   1.397   1.934e-01
3.722783e-06   1.397   1.932e-01
3.724864e-06   1.397   1.931e-01
3.726946e-06   1.397   1.929e-01
3.729031e-06   1.397   1.928e-01
3.731118e-06   1.398   1.926e-01
3.733208e-06   1.398   1.925e-01
3.735300e-06   1.398   1.923e-01
3.737394e-06   1.398   1.922e-01
3.739490e-06   1.398   1.920e-01
3.741589e-06   1.398   1.918e-01
3.743690e-06   1.398   1.917e-01
3.745794e-06   1.398   1.915e-01
3.747900e-06   1.398   1.914e-01
3.750008e-06   1.399   1.913e-01
3.752119e-06   1.399   1.911e-01
3.754232e-06   1.399   1.910e-01
3.756348e-06   1.399   1.908e-01
3.758466e-06   1.399   1.907e-01
3.760586e-06   1.399   1.906e-01
3.762709e-06   1.399   1.904e-01
3.764834e-06   1.399   1.903e-01
3.766961e-06   1.399   1.902e-01
3.769091e-06   1.400   1.900e-01
3.771223e-06   1.400   1.899e-01
3.773358e-06   1.400   1.898e-01
3.775495e-06   1.400   1.897e-01
3.777634e-06   1.400   1.895e-01
3.779776e-06   1.400   1.894e-01
3.781921e-06   1.400   1.893e-01
3.784068e-06   1.400   1.891e-01
3.786217e-06   1.400   1.890e-01
3.788369e-06   1.400   1.889e-01
3.790523e-06   1.401   1.888e-01
3.792679e-06   1.401   1.887e-01
3.794838e-06   1.401   1.885e-01
3.797000e-06   1.401   1.884e-01
3.799164e-06   1.401   1.883e-01
3.801330e-06   1.401   1.882e-01
3.803499e-06   1.401   1.881e-01
3.805671e-06   1.401   1.880e-01
3.807844e-06   1.401   1.879e-01
3.810021e-06   1.401   1.878e-01
3.812200e-06   1.401   1.877e-01
3.814381e-06   1.401   1.876e-01
3.816565e-06   1.401   1.876e-01
3.818751e-06   1.401   1.875e-01
3.820940e-06   1.402   1.874e-01
3.823131e-06   1.402   1.873e-01
3.825325e-06   1.402   1.873e-01
3.827522e-06   1.402   1.872e-01
3.829721e-06   1.402   1.872e-01
3.831922e-06   1.402   1.871e-01
3.834126e-06   1.402   1.870e-01
3.836333e-06   1.402   1.870e-01
3.838542e-06   1.402   1.870e-01
3.840753e-06   1.402   1.870e-01
3.842967e-06   1.402   1.870e-01
3.845184e-06   1.402   1.870e-01
3.847403e-06   1.402   1.870e-01
3.849625e-06   1.402   1.870e-01
3.851850e-06   1.403   1.870e-01
3.854076e-06   1.403   1.870e-01
3.856306e-06   1.403   1.870e-01
3.858538e-06   1.403   1.870e-01
3.860773e-06   1.403   1.870e-01
3.863010e-06   1.403   1.870e-01
3.865250e-06   1.403   1.870e-01
3.867493e-06   1.403   1.870e-01
3.869738e-06   1.404   1.870e-01
3.871985e-06   1.404   1.870e-01
3.874236e-06   1.404   1.870e-01
3.876489e-06   1.404   1.870e-01
3.878744e-06   1.404   1.870e-01
3.881002e-06   1.404   1.870e-01
3.883263e-06   1.405   1.870e-01
3.885527e-06   1.405   1.869e-01
3.887793e-06   1.405   1.869e-01
3.890061e-06   1.405   1.869e-01
3.892333e-06   1.405   1.869e-01
3.894607e-06   1.406   1.868e-01
3.896883e-06   1.406   1.868e-01
3.899163e-06   1.406   1.868e-01
3.901445e-06   1.406   1.867e-01
3.903730e-06   1.406   1.867e-01
3.906017e-06   1.407   1.866e-01
3.908307e-06   1.407   1.866e-01
3.910600e-06   1.407   1.865e-01
3.912895e-06   1.407   1.864e-01
3.915193e-06   1.408   1.863e-01
3.917494e-06   1.408   1.862e-01
3.919798e-06   1.408   1.862e-01
3.922104e-06   1.408   1.861e-01
3.924413e-06   1.408   1.860e-01
3.926725e-06   1.409   1.859e-01
3.929039e-06   1.409   1.858e-01
3.931356e-06   1.409   1.857e-01
3.933676e-06   1.409   1.856e-01
3.935999e-06   1.409   1.855e-01
3.938324e-06   1.410   1.853e-01
3.940652e-06   1.410   1.852e-01
3.942983e-06   1.410   1.851e-01
3.945317e-06   1.410   1.850e-01
3.947653e-06   1.410   1.849e-01
3.949992e-06   1.411   1.847e-01
3.952334e-06   1.411   1.846e-01
3.954679e-06   1.411   1.845e-01
3.957026e-06   1.411   1.843e-01
3.959377e-06   1.411   1.842e-01
3.961730e-06   1.412   1.840e-01
3.964085e-06   1.412   1.839e-01
3.966444e-06   1.412   1.837e-01
3.968806e-06   1.412   1.836e-01
3.971170e-06   1.412   1.834e-01
3.973537e-06   1.412   1.833e-01
3.975907e-06   1.413   1.832e-01
3.978280e-06   1.413   1.830e-01
3.980655e-06   1.413   1.829e-01
3.983034e-06   1.413   1.827e-01
3.985415e-06   1.413   1.826e-01
3.987799e-06   1.413   1.825e-01
3.990186e-06   1.413   1.824e-01
3.992576e-06   1.414   1.822e-01
3.994969e-06   1.414   1.821e-01
3.997364e-06   1.414   1.820e-01
3.999763e-06   1.414   1.818e-01
4.002164e-06   1.414   1.817e-01
4.004568e-06   1.414   1.816e-01
4.006975e-06   1.414   1.814e-01
4.009385e-06   1.415   1.813e-01
4.011798e-06   1.415   1.812e-01
4.014214e-06   1.415   1.810e-01
4.016633e-06   1.415   1.809e-01
4.019055e-06   1.415   1.807e-01
4.021479e-06   1.415   1.806e-01
4.023907e-06   1.416   1.804e-01
4.026337e-06   1.416   1.803e-01
4.028770e-06   1.416   1.802e-01
4.031207e-06   1.416   1.800e-01
4.033646e-06   1.416   1.799e-01
4.036088e-06   1.416   1.797e-01
4.038533e-06   1.416   1.796e-01
4.040981e-06   1.417   1.795e-01
4.043433e-06   1.417   1.793e-01
4.045887e-06   1.417   1.792e-01
4.048344e-06   1.417   1.790e-01
4.050804e-06   1.417   1.789e-01
4.053267e-06   1.417   1.787e-01
4.055733e-06   1.418   1.785e-01
4.058202e-06   1.418   1.784e-01
4.060674e-06   1.418   1.782e-01
4.063149e-06   1.418   1.780e-01
4.065627e-06   1.418   1.778e-01
4.068108e-06   1.418   1.776e-01
4.070592e-06   1.419   1.774e-01
4.073079e-06   1.419   1.772e-01
4.075570e-06   1.419   1.770e-01
4.078063e-06   1.419   1.768e-01
4.080559e-06   1.419   1.766e-01
4.083058e-06   1.419   1.764e-01
4.085561e-06   1.420   1.761e-01
4.088066e-06   1.420   1.759e-01
4.090575e-06   1.420   1.756e-01
4.093087e-06   1.420   1.754e-01
4.095601e-06   1.420   1.751e-01
4.098119e-06   1.420   1.749e-01
4.100640e-06   1.421   1.746e-01
4.103164e-06   1.421   1.743e-01
4.105691e-06   1.421   1.741e-01
4.108221e-06   1.421   1.738e-01
4.110755e-06   1.421   1.735e-01
4.113291e-06   1.421   1.732e-01
4.115831e-06   1.421   1.729e-01
4.118374e-06   1.421   1.726e-01
4.120920e-06   1.421   1.723e-01
4.123469e-06   1.422   1.719e-01
4.126021e-06   1.422   1.716e-01
4.128576e-06   1.422   1.713e-01
4.131135e-06   1.422   1.710e-01
4.133697e-06   1.422   1.707e-01
4.136261e-06   1.422   1.703e-01
4.138830e-06   1.422   1.700e-01
4.141401e-06   1.422   1.697e-01
4.143975e-06   1.422   1.694e-01
4.146553e-06   1.422   1.690e-01
4.149134e-06   1.422   1.687e-01
4.151718e-06   1.422   1.684e-01
4.154305e-06   1.422   1.681e-01
4.156896e-06   1.422   1.678e-01
4.159490e-06   1.421   1.674e-01
4.162087e-06   1.421   1.671e-01
4.164687e-06   1.421   1.669e-01
4.167290e-06   1.421   1.666e-01
4.169897e-06   1.421   1.663e-01
4.172507e-06   1.421   1.661e-01
4.175121e-06   1.421   1.658e-01
4.177737e-06   1.421   1.656e-01
4.180357e-06   1.421   1.653e-01
4.182980e-06   1.420   1.651e-01
4.185607e-06   1.420   1.649e-01
4.188236e-06   1.420   1.647e-01
4.190869e-06   1.420   1.645e-01
4.193506e-06   1.420   1.643e-01
4.196145e-06   1.420   1.641e-01
4.198788e-06   1.420   1.639e-01
4.201435e-06   1.420   1.637e-01
4.204084e-06   1.420   1.635e-01
4.206737e-06   1.419   1.633e-01
4.209394e-06   1.419   1.630e-01
4.212053e-06   1.419   1.628e-01
4.214717e-06   1.419   1.626e-01
4.217383e-06   1.419   1.625e-01
4.220053e-06   1.419   1.623e-01
4.222726e-06   1.419   1.621e-01
4.225403e-06   1.418   1.619e-01
4.228083e-06   1.418   1.617e-01
4.230766e-06   1.418   1.616e-01
4.233453e-06   1.418   1.614e-01
4.236143e-06   1.418   1.613e-01
4.238837e-06   1.418   1.611e-01
4.241534e-06   1.417   1.610e-01
4.244234e-06   1.417   1.608e-01
4.246938e-06   1.417   1.607e-01
4.249646e-06   1.417   1.605e-01
4.252357e-06   1.417   1.604e-01
4.255071e-06   1.417   1.603e-01
4.257789e-06   1.416   1.601e-01
4.260510e-06   1.416   1.600e-01
4.263235e-06   1.416   1.599e-01
4.265963e-06   1.416   1.598e-01
4.268695e-06   1.416   1.596e-01
4.271430e-06   1.416   1.595e-01
4.274169e-06   1.415   1.594e-01
4.276911e-06   1.415   1.593e-01
4.279657e-06   1.415   1.592e-01
4.282406e-06   1.415   1.591e-01
4.285159e-06   1.415   1.590e-01
4.287915e-06   1.414   1.590e-01
4.290675e-06   1.414   1.589e-01
4.293438e-06   1.414   1.588e-01
4.296205e-06   1.414   1.587e-01
4.298976e-06   1.414   1.587e-01
4.301750e-06   1.413   1.586e-01
4.304528e-06   1.413   1.585e-01
4.307309e-06   1.413   1.585e-01
4.310094e-06   1.413   1.584e-01
4.312883e-06   1.413   1.584e-01
4.315675e-06   1.412   1.583e-01
4.318471e-06   1.412   1.583e-01
4.321270e-06   1.412   1.582e-01
4.324073e-06   1.412   1.582e-01
4.326880e-06   1.411   1.582e-01
4.329690e-06   1.411   1.582e-01
4.332504e-06   1.411   1.582e-01
4.335322e-06   1.411   1.582e-01
4.338143e-06   1.411   1.582e-01
4.340968e-06   1.410   1.582e-01
4.343797e-06   1.410   1.582e-01
4.346629e-06   1.410   1.582e-01
4.349465e-06   1.410   1.582e-01
4.352305e-06   1.409   1.582e-01
4.355148e-06   1.409   1.583e-01
4.357995e-06   1.409   1.583e-01
4.360846e-06   1.409   1.584e-01
4.363701e-06   1.408   1.585e-01
4.366559e-06   1.408   1.585e-01
4.369421e-06   1.408   1.586e-01
4.372287e-06   1.407   1.587e-01
4.375157e-06   1.407   1.588e-01
4.378030e-06   1.407   1.590e-01
4.380908e-06   1.407   1.592e-01
4.383788e-06   1.406   1.593e-01
4.386673e-06   1.406   1.595e-01
4.389562e-06   1.406   1.598e-01
4.392454e-06   1.405   1.600e-01
4.395350e-06   1.405   1.603e-01
4.398250e-06   1.405   1.606e-01
4.401154e-06   1.405   1.610e-01
4.404062e-06   1.405   1.613e-01
4.406973e-06   1.404   1.616e-01
4.409889e-06   1.404   1.620e-01
4.412808e-06   1.404   1.623e-01
4.415731e-06   1.404   1.627e-01
4.418658e-06   1.404   1.631e-01
4.421589e-06   1.404   1.634e-01
4.424523e-06   1.404   1.638e-01
4.427462e-06   1.404   1.641e-01
4.430405e-06   1.404   1.645e-01
4.433351e-06   1.404   1.648e-01
4.436301e-06   1.404   1.651e-01
4.439256e-06   1.404   1.655e-01
4.442214e-06   1.404   1.658e-01
4.445176e-06   1.404   1.661e-01
4.448142e-06   1.405   1.665e-01
4.451112e-06   1.405   1.668e-01
4.454087e-06   1.405   1.671e-01
4.457065e-06   1.405   1.674e-01
4.460047e-06   1.405   1.677e-01
4.463033e-06   1.405   1.680e-01
4.466023e-06   1.406   1.683e-01
4.469017e-06   1.406   1.685e-01
4.472015e-06   1.406   1.688e-01
4.475017e-06   1.406   1.690e-01
4.478023e-06   1.407   1.692e-01
4.481033e-06   1.407   1.695e-01
4.484047e-06   1.407   1.697e-01
4.487066e-06   1.407   1.699e-01
4.490088e-06   1.408   1.700e-01
4.493114e-06   1.408   1.702e-01
4.496145e-06   1.408   1.704e-01
4.499179e-06   1.409   1.705e-01
4.502218e-06   1.409   1.706e-01
4.505261e-06   1.409   1.708e-01
4.508308e-06   1.410   1.708e-01
4.511359e-06   1.410   1.709e-01
4.514414e-06   1.410   1.710e-01
4.517473e-06   1.411   1.710e-01
4.520537e-06   1.411   1.710e-01
4.523604e-06   1.411   1.710e-01
4.526676e-06   1.412   1.710e-01
4.529752e-06   1.412   1.709e-01
4.532832e-06   1.413   1.709e-01
4.535916e-06   1.413   1.708e-01
4.539005e-06   1.413   1.707e-01
4.542097e-06   1.414   1.706e-01
4.545194e-06   1.414   1.705e-01
4.548296e-06   1.414   1.704e-01
4.551401e-06   1.414   1.703e-01
4.554511e-06   1.415   1.701e-01
4.557625e-06   1.415   1.700e-01
4.560743e-06   1.415   1.698e-01
4.563865e-06   1.416   1.697e-01
4.566992e-06   1.416   1.695e-01
4.570123e-06   1.416   1.693e-01
4.573258e-06   1.417   1.691e-01
4.576398e-06   1.417   1.688e-01
4.579542e-06   1.417   1.686e-01
4.582690e-06   1.417   1.684e-01
4.585842e-06   1.417   1.681e-01
4.588999e-06   1.418   1.678e-01
4.592160e-06   1.418   1.676e-01
4.595326e-06   1.418   1.673e-01
4.598496e-06   1.418   1.671e-01
4.601670e-06   1.418   1.668e-01
4.604849e-06   1.419   1.665e-01
4.608032e-06   1.419   1.662e-01
4.611220e-06   1.419   1.660e-01
4.614412e-06   1.419   1.657e-01
4.617608e-06   1.419   1.654e-01
4.620809e-06   1.419   1.651e-01
4.624014e-06   1.419   1.648e-01
4.627224e-06   1.419   1.646e-01
4.630438e-06   1.420   1.643e-01
4.633657e-06   1.420   1.640e-01
4.636880e-06   1.420   1.637e-01
4.640107e-06   1.420   1.634e-01
4.643339e-06   1.420   1.631e-01
4.646576e-06   1.420   1.628e-01
4.649817e-06   1.420   1.625e-01
4.653063e-06   1.420   1.622e-01
4.656313e-06   1.420   1.618e-01
4.659568e-06   1.420   1.615e-01
4.662827e-06   1.420   1.612e-01
4.666091e-06   1.420   1.609e-01
4.669359e-06   1.420   1.606e-01
4.672632e-06   1.420   1.603e-01
4.675910e-06   1.420   1.600e-01
4.679192e-06   1.420   1.596e-01
4.682479e-06   1.420   1.593e-01
4.685770e-06   1.420   1.590e-01
4.689066e-06   1.420   1.586e-01
4.692367e-06   1.420   1.583e-01
4.695672e-06   1.420   1.580e-01
4.698982e-06   1.420   1.576e-01
4.702297e-06   1.420   1.573e-01
4.705616e-06   1.420   1.570e-01
4.708940e-06   1.420   1.566e-01
4.712269e-06   1.420   1.563e-01
4.715602e-06   1.420   1.560e-01
4.718940e-06   1.420   1.557e-01
4.722283e-06   1.420   1.553e-01
4.725631e-06   1.419   1.550e-01
4.728983e-06   1.419   1.546e-01
4.732340e-06   1.419   1.543e-01
4.735702e-06   1.419   1.540e-01
4.739069e-06   1.419   1.536e-01
4.742440e-06   1.419   1.533e-01
4.745816e-06   1.419   1.529e-01
4.749198e-06   1.419   1.526e-01
4.752583e-06   1.418   1.522e-01
4.755974e-06   1.418   1.519e-01
4.759370e-06   1.418   1.515e-01
4.762770e-06   1.418   1.512e-01
4.766175e-06   1.418   1.508e-01
4.769586e-06   1.417   1.505e-01
4.773001e-06   1.417   1.501e-01
4.776421e-06   1.417   1.498e-01
4.779845e-06   1.417   1.495e-01
4.783275e-06   1.416   1.491e-01
4.786710e-06   1.416   1.488e-01
4.790149e-06   1.416   1.485e-01
4.793594e-06   1.416   1.482e-01
4.797044e-06   1.415   1.479e-01
4.800498e-06   1.415   1.476e-01
4.803958e-06   1.415   1.473e-01
4.807422e-06   1.414   1.470e-01
4.810891e-06   1.414   1.467e-01
4.814366e-06   1.414   1.465e-01
4.817845e-06   1.413   1.462e-01
4.821330e-06   1.413   1.460e-01
4.824819e-06   1.413   1.458e-01
4.828314e-06   1.412   1.455e-01
4.831814e-06   1.412   1.453e-01
4.835319e-06   1.411   1.451e-01
4.838828e-06   1.411   1.449e-01
4.842343e-06   1.411   1.446e-01
4.845863e-06   1.410   1.444e-01
4.849389e-06   1.410   1.442e-01
4.852919e-06   1.410   1.440e-01
4.856454e-06   1.409   1.437e-01
4.859995e-06   1.409   1.436e-01
4.863541e-06   1.408   1.434e-01
4.867092e-06   1.408   1.432e-01
4.870648e-06   1.407   1.431e-01
4.874209e-06   1.407   1.429e-01
4.877776e-06   1.407   1.428e-01
4.881348e-06   1.406   1.426e-01
4.884925e-06   1.406   1.425e-01
4.888507e-06   1.405   1.424e-01
4.892094e-06   1.405   1.423e-01
4.895687e-06   1.405   1.421e-01
4.899285e-06   1.404   1.420e-01
4.902889e-06   1.404   1.419e-01
4.906497e-06   1.403   1.418e-01
4.910111e-06   1.403   1.417e-01
4.913731e-06   1.402   1.416e-01
4.917355e-06   1.402   1.416e-01
4.920985e-06   1.401   1.415e-01
4.924621e-06   1.401   1.415e-01
4.928261e-06   1.400   1.415e-01
4.931907e-06   1.400   1.414e-01
4.935559e-06   1.400   1.414e-01
4.939216e-06   1.399   1.414e-01
4.942878e-06   1.399   1.413e-01
4.946546e-06   1.398   1.413e-01
4.950219e-06   1.398   1.412e-01
4.953898e-06   1.398   1.412e-01
4.957582e-06   1.397   1.411e-01
4.961272e-06   1.397   1.410e-01
4.964967e-06   1.396   1.409e-01
4.968668e-06   1.396   1.409e-01
4.972374e-06   1.395   1.409e-01
4.976086e-06   1.395   1.409e-01
4.979803e-06   1.394   1.409e-01
4.983526e-06   1.394   1.409e-01
4.987254e-06   1.393   1.410e-01
4.990988e-06   1.392   1.411e-01
4.994728e-06   1.392   1.411e-01
4.998473e-06   1.392   1.412e-01
5.002224e-06   1.391   1.413e-01
5.005980e-06   1.391   1.413e-01
5.009742e-06   1.390   1.414e-01
5.013510e-06   1.390   1.414e-01
5.017283e-06   1.390   1.414e-01
5.021062e-06   1.389   1.414e-01
5.024847e-06   1.389   1.414e-01
5.028638e-06   1.388   1.414e-01
5.032434e-06   1.387   1.414e-01
5.036236e-06   1.387   1.414e-01
5.040044e-06   1.386   1.415e-01
5.043857e-06   1.386   1.416e-01
5.047676e-06   1.385   1.417e-01
5.051501e-06   1.384   1.419e-01
5.055332e-06   1.384   1.421e-01
5.059169e-06   1.383   1.422e-01
5.063011e-06   1.383   1.424e-01
5.066860e-06   1.382   1.426e-01
5.070714e-06   1.382   1.428e-01
5.074574e-06   1.381   1.430e-01
5.078440e-06   1.381   1.432e-01
5.082312e-06   1.380   1.434e-01
5.086189e-06   1.380   1.435e-01
5.090073e-06   1.379   1.437e-01
5.093963e-06   1.379   1.439e-01
5.097858e-06   1.378   1.441e-01
5.101760e-06   1.377   1.443e-01
5.105667e-06   1.377   1.446e-01
5.109581e-06   1.376   1.449e-01
5.113500e-06   1.375   1.452e-01
5.117426e-06   1.375   1.456e-01
5.121357e-06   1.374   1.459e-01
5.125295e-06   1.374   1.462e-01
5.129238e-06   1.374   1.466e-01
5.133188e-06   1.373   1.469e-01
5.137144e-06   1.373   1.472e-01
5.141106e-06   1.372   1.475e-01
5.145074e-06   1.372   1.478e-01
5.149048e-06   1.371   1.480e-01
5.153028e-06   1.371   1.483e-01
5.157014e-06   1.370   1.486e-01
5.161007e-06   1.370   1.489e-01
5.165006e-06   1.369   1.493e-01
5.169011e-06   1.368   1.497e-01
5.173022e-06   1.368   1.501e-01
5.177039e-06   1.367   1.506e-01
5.181063e-06   1.367   1.511e-01
5.185093e-06   1.366   1.516e-01
5.189129e-06   1.366   1.521e-01
5.193172e-06   1.366   1.526e-01
5.197221e-06   1.365   1.531e-01
5.201276e-06   1.365   1.535e-01
5.205337e-06   1.365   1.538e-01
5.209405e-06   1.364   1.542e-01
5.213479e-06   1.364   1.545e-01
5.217560e-06   1.363   1.548e-01
5.221647e-06   1.363   1.551e-01
5.225740e-06   1.362   1.554e-01
5.229840e-06   1.362   1.558e-01
5.233946e-06   1.361   1.562e-01
5.238059e-06   1.361   1.566e-01
5.242178e-06   1.360   1.571e-01
5.246303e-06   1.359   1.576e-01
5.250436e-06   1.359   1.581e-01
5.254574e-06   1.358   1.587e-01
5.258719e-06   1.358   1.594e-01
5.262871e-06   1.357   1.600e-01
5.267029e-06   1.357   1.606e-01
5.271194e-06   1.357   1.613e-01
5.275366e-06   1.356   1.618e-01
5.279544e-06   1.356   1.624e-01
5.283728e-06   1.356   1.630e-01
5.287920e-06   1.355   1.636e-01
5.292118e-06   1.355   1.641e-01
5.296322e-06   1.354   1.646e-01
5.300533e-06   1.354   1.651e-01
5.304752e-06   1.353   1.657e-01
5.308976e-06   1.353   1.664e-01
5.313208e-06   1.352   1.671e-01
5.317446e-06   1.352   1.679e-01
5.321691e-06   1.351   1.687e-01
5.325943e-06   1.351   1.694e-01
5.330201e-06   1.351   1.702e-01
5.334467e-06   1.351   1.710e-01
5.338739e-06   1.351   1.717e-01
5.343018e-06   1.351   1.724e-01
5.347304e-06   1.351   1.730e-01
5.351597e-06   1.350   1.735e-01
5.355896e-06   1.350   1.739e-01
5.360203e-06   1.350   1.743e-01
5.364517e-06   1.349   1.748e-01
5.368837e-06   1.349   1.754e-01
5.373165e-06   1.348   1.761e-01
5.377499e-06   1.347   1.768e-01
5.381840e-06   1.347   1.777e-01
5.386189e-06   1.346   1.786e-01
5.390544e-06   1.346   1.795e-01
5.394907e-06   1.345   1.805e-01
5.399277e-06   1.345   1.816e-01
5.403653e-06   1.345   1.826e-01
5.408037e-06   1.345   1.835e-01
5.412428e-06   1.345   1.844e-01
5.416826e-06   1.346   1.853e-01
5.421231e-06   1.346   1.860e-01
5.425644e-06   1.345   1.867e-01
5.430063e-06   1.345   1.875e-01
5.434490e-06   1.345   1.883e-01
5.438924e-06   1.345   1.891e-01
5.443365e-06   1.345   1.899e-01
5.447814e-06   1.344   1.907e-01
5.452269e-06   1.344   1.916e-01
5.456733e-06   1.344   1.924e-01
5.461203e-06   1.344   1.932e-01
5.465681e-06   1.345   1.939e-01
5.470166e-06   1.345   1.947e-01
5.474658e-06   1.345   1.954e-01
5.479158e-06   1.344   1.961e-01
5.483665e-06   1.344   1.968e-01
5.488180e-06   1.344   1.976e-01
5.492702e-06   1.343   1.984e-01
5.497231e-06   1.343   1.993e-01
5.501768e-06   1.343   2.002e-01
5.506313e-06   1.342   2.013e-01
5.510865e-06   1.342   2.025e-01
5.515424e-06   1.342   2.037e-01
5.519992e-06   1.342   2.049e-01
5.524566e-06   1.342   2.061e-01
5.529149e-06   1.342   2.074e-01
5.533738e-06   1.342   2.086e-01
5.538336e-06   1.342   2.099e-01
5.542941e-06   1.343   2.111e-01
5.547554e-06   1.343   2.123e-01
5.552174e-06   1.344   2.134e-01
5.556803e-06   1.344   2.144e-01
5.561438e-06   1.344   2.154e-01
5.566082e-06   1.345   2.163e-01
5.570734e-06   1.345   2.172e-01
5.575393e-06   1.346   2.181e-01
5.580060e-06   1.346   2.189e-01
5.584735e-06   1.346   2.197e-01
5.589417e-06   1.346   2.205e-01
5.594108e-06   1.346   2.214e-01
5.598806e-06   1.346   2.225e-01
5.603512e-06   1.346   2.237e-01
5.608227e-06   1.347   2.250e-01
5.612949e-06   1.347   2.262e-01
5.617679e-06   1.347   2.275e-01
5.622417e-06   1.348   2.287e-01
5.627163e-06   1.349   2.299e-01
5.631917e-06   1.349   2.312e-01
5.636679e-06   1.350   2.324e-01
5.641450e-06   1.351   2.333e-01
5.646228e-06   1.352   2.342e-01
5.651014e-06   1.353   2.349e-01
5.655809e-06   1.353   2.357e-01
5.660611e-06   1.354   2.366e-01
5.665422e-06   1.354   2.376e-01
5.670241e-06   1.354   2.387e-01
5.675068e-06   1.354   2.399e-01
5.679904e-06   1.355   2.411e-01
5.684748e-06   1.355   2.424e-01
5.689600e-06   1.356   2.437e-01
5.694460e-06   1.357   2.451e-01
5.699328e-06   1.358   2.465e-01
5.704205e-06   1.359   2.479e-01
5.709091e-06   1.361   2.491e-01
5.713984e-06   1.362   2.502e-01
5.718886e-06   1.364   2.512e-01
5.723797e-06   1.365   2.521e-01
5.728715e-06   1.366   2.531e-01
5.733643e-06   1.367   2.540e-01
5.738579e-06   1.369   2.548e-01
5.743523e-06   1.370   2.555e-01
5.748476e-06   1.372   2.561e-01
5.753437e-06   1.373   2.566e-01
5.758407e-06   1.374   2.571e-01
5.763386e-06   1.376   2.577e-01
5.768373e-06   1.377   2.581e-01
5.773369e-06   1.378   2.586e-01
5.778373e-06   1.379   2.591e-01
5.783386e-06   1.380   2.598e-01
5.788408e-06   1.381   2.606e-01
5.793439e-06   1.382   2.615e-01
5.798478e-06   1.383   2.623e-01
5.803526e-06   1.385   2.632e-01
5.808583e-06   1.386   2.640e-01
5.813649e-06   1.388   2.649e-01
5.818723e-06   1.391   2.657e-01
5.823807e-06   1.393   2.662e-01
5.828899e-06   1.395   2.666e-01
5.834000e-06   1.397   2.669e-01
5.839111e-06   1.398   2.672e-01
5.844230e-06   1.400   2.676e-01
5.849358e-06   1.402   2.680e-01
5.854495e-06   1.404   2.683e-01
5.859641e-06   1.406   2.683e-01
5.864796e-06   1.409   2.682e-01
5.869961e-06   1.411   2.679e-01
5.875134e-06   1.414   2.676e-01
5.880317e-06   1.417   2.670e-01
5.885508e-06   1.420   2.662e-01
5.890709e-06   1.422   2.653e-01
5.895919e-06   1.423   2.642e-01
5.901139e-06   1.425   2.630e-01
5.906367e-06   1.426   2.617e-01
5.911605e-06   1.428   2.606e-01
5.916852e-06   1.429   2.596e-01
5.922108e-06   1.431   2.587e-01
5.927374e-06   1.432   2.577e-01
5.932649e-06   1.434   2.567e-01
5.937934e-06   1.436   2.555e-01
5.943228e-06   1.438   2.541e-01
5.948531e-06   1.439   2.527e-01
5.953844e-06   1.441   2.513e-01
5.959167e-06   1.442   2.498e-01
5.964499e-06   1.443   2.483e-01
5.969840e-06   1.444   2.467e-01
5.975191e-06   1.445   2.450e-01
5.980552e-06   1.446   2.433e-01
5.985922e-06   1.447   2.417e-01
5.991302e-06   1.448   2.402e-01
5.996691e-06   1.448   2.391e-01
6.002091e-06   1.449   2.381e-01
6.007500e-06   1.449   2.372e-01
6.012919e-06   1.450   2.362e-01
6.018347e-06   1.451   2.351e-01
6.023786e-06   1.452   2.341e-01
6.029234e-06   1.454   2.331e-01
6.034692e-06   1.455   2.319e-01
6.040160e-06   1.458   2.303e-01
6.045638e-06   1.460   2.284e-01
6.051126e-06   1.463   2.259e-01
6.056623e-06   1.464   2.232e-01
6.062131e-06   1.465   2.204e-01
6.067649e-06   1.465   2.177e-01
6.073177e-06   1.466   2.147e-01
6.078715e-06   1.466   2.117e-01
6.084263e-06   1.465   2.087e-01
6.089821e-06   1.464   2.060e-01
6.095390e-06   1.464   2.035e-01
6.100968e-06   1.463   2.013e-01
6.106557e-06   1.463   1.993e-01
6.112156e-06   1.463   1.971e-01
6.117765e-06   1.462   1.948e-01
6.123385e-06   1.461   1.927e-01
6.129015e-06   1.460   1.908e-01
6.134655e-06   1.460   1.890e-01
6.140306e-06   1.459   1.872e-01
6.145967e-06   1.458   1.853e-01
6.151639e-06   1.457   1.834e-01
6.157321e-06   1.457   1.813e-01
6.163013e-06   1.456   1.794e-01
6.168717e-06   1.455   1.776e-01
6.174430e-06   1.454   1.758e-01
6.180154e-06   1.453   1.740e-01
6.185889e-06   1.452   1.721e-01
6.191635e-06   1.451   1.702e-01
6.197391e-06   1.449   1.684e-01
6.203158e-06   1.447   1.668e-01
6.208936e-06   1.446   1.653e-01
6.214724e-06   1.444   1.640e-01
6.220523e-06   1.442   1.627e-01
6.226334e-06   1.440   1.616e-01
6.232154e-06   1.439   1.605e-01
6.237986e-06   1.437   1.596e-01
6.243829e-06   1.436   1.587e-01
6.249683e-06   1.434   1.579e-01
6.255548e-06   1.433   1.572e-01
6.261423e-06   1.431   1.565e-01
6.267310e-06   1.429   1.558e-01
6.273208e-06   1.428   1.552e-01
6.279117e-06   1.426   1.547e-01
6.285037e-06   1.425   1.543e-01
6.290968e-06   1.423   1.540e-01
6.296911e-06   1.421   1.538e-01
6.302865e-06   1.420   1.536e-01
6.308830e-06   1.419   1.534e-01
6.314806e-06   1.417   1.533e-01
6.320793e-06   1.416   1.533e-01
6.326792e-06   1.415   1.532e-01
6.332803e-06   1.415   1.531e-01
6.338825e-06   1.414   1.528e-01
6.344858e-06   1.413   1.525e-01
6.350903e-06   1.412   1.523e-01
6.356959e-06   1.411   1.522e-01
6.363027e-06   1.410   1.523e-01
6.369106e-06   1.409   1.522e-01
6.375198e-06   1.408   1.520e-01
6.381300e-06   1.408   1.516e-01
6.387415e-06   1.407   1.512e-01
6.393541e-06   1.407   1.507e-01
6.399679e-06   1.407   1.502e-01
6.405829e-06   1.407   1.495e-01
6.411990e-06   1.407   1.485e-01
6.418164e-06   1.406   1.473e-01
6.424349e-06   1.404   1.460e-01
6.430546e-06   1.403   1.451e-01
6.436756e-06   1.401   1.444e-01
6.442977e-06   1.399   1.439e-01
6.449210e-06   1.397   1.434e-01
6.455455e-06   1.396   1.430e-01
6.461713e-06   1.394   1.426e-01
6.467982e-06   1.393   1.424e-01
6.474264e-06   1.393   1.421e-01
6.480558e-06   1.392   1.417e-01
6.486864e-06   1.392   1.411e-01
6.493183e-06   1.391   1.403e-01
6.499514e-06   1.389   1.394e-01
6.505857e-06   1.388   1.386e-01
6.512213e-06   1.386   1.381e-01
6.518581e-06   1.384   1.377e-01
6.524961e-06   1.381   1.374e-01
6.531354e-06   1.379   1.372e-01
6.537760e-06   1.378   1.372e-01
6.544178e-06   1.376   1.373e-01
6.550609e-06   1.375   1.374e-01
6.557052e-06   1.374   1.376e-01
6.563508e-06   1.373   1.377e-01
6.569977e-06   1.372   1.377e-01
6.576458e-06   1.371   1.376e-01
6.582953e-06   1.370   1.374e-01
6.589460e-06   1.369   1.371e-01
6.595980e-06   1.368   1.366e-01
6.602513e-06   1.367   1.361e-01
6.609059e-06   1.365   1.357e-01
6.615618e-06   1.364   1.353e-01
6.622190e-06   1.363   1.349e-01
6.628775e-06   1.362   1.344e-01
6.635373e-06   1.360   1.338e-01
6.641984e-06   1.359   1.331e-01
6.648609e-06   1.356   1.326e-01
6.655247e-06   1.354   1.325e-01
6.661898e-06   1.352   1.324e-01
6.668562e-06   1.350   1.324e-01
6.675239e-06   1.348   1.324e-01
6.681931e-06   1.346   1.324e-01
6.688635e-06   1.344   1.324e-01
6.695353e-06   1.342   1.326e-01
6.702084e-06   1.341   1.330e-01
6.708829e-06   1.339   1.334e-01
6.715588e-06   1.338   1.337e-01
6.722360e-06   1.336   1.340e-01
6.729146e-06   1.334   1.343e-01
6.735946e-06   1.332   1.347e-01
6.742759e-06   1.330   1.352e-01
6.749586e-06   1.328   1.358e-01
6.756427e-06   1.327   1.363e-01
6.763282e-06   1.325   1.369e-01
6.770151e-06   1.324   1.374e-01
6.777033e-06   1.323   1.379e-01
6.783930e-06   1.322   1.383e-01
6.790841e-06   1.321   1.386e-01
6.797766e-06   1.319   1.389e-01
6.804705e-06   1.317   1.393e-01
6.811658e-06   1.316   1.397e-01
6.818625e-06   1.315   1.400e-01
6.825607e-06   1.313   1.402e-01
6.832603e-06   1.312   1.404e-01
6.839614e-06   1.310   1.406e-01
6.846638e-06   1.309   1.409e-01
6.853678e-06   1.308   1.410e-01
6.860731e-06   1.307   1.411e-01
6.867800e-06   1.305   1.409e-01
6.874882e-06   1.304   1.407e-01
6.881980e-06   1.301   1.407e-01
6.889092e-06   1.299   1.408e-01
6.896219e-06   1.297   1.410e-01
6.903360e-06   1.295   1.414e-01
6.910517e-06   1.292   1.417e-01
6.917688e-06   1.290   1.422e-01
6.924874e-06   1.288   1.428e-01
6.932075e-06   1.286   1.436e-01
6.939291e-06   1.284   1.444e-01
6.946522e-06   1.282   1.452e-01
6.953769e-06   1.281   1.460e-01
6.961030e-06   1.279   1.466e-01
6.968307e-06   1.277   1.472e-01
6.975598e-06   1.275   1.478e-01
6.982905e-06   1.274   1.485e-01
6.990228e-06   1.272   1.492e-01
6.997565e-06   1.270   1.499e-01
7.004919e-06   1.268   1.505e-01
7.012287e-06   1.266   1.511e-01
7.019671e-06   1.264   1.518e-01
7.027071e-06   1.263   1.524e-01
7.034486e-06   1.261   1.530e-01
7.041917e-06   1.259   1.536e-01
7.049364e-06   1.257   1.541e-01
7.056827e-06   1.255   1.545e-01
7.064305e-06   1.253   1.550e-01
7.071799e-06   1.250   1.557e-01
7.079309e-06   1.248   1.564e-01
7.086835e-06   1.245   1.572e-01
7.094377e-06   1.243   1.581e-01
7.101935e-06   1.240   1.591e-01
7.109510e-06   1.238   1.602e-01
7.117100e-06   1.236   1.612e-01
7.124707e-06   1.234   1.624e-01
7.132330e-06   1.231   1.635e-01
7.139969e-06   1.229   1.646e-01
7.147625e-06   1.227   1.657e-01
7.155297e-06   1.225   1.667e-01
7.162985e-06   1.223   1.676e-01
7.170690e-06   1.221   1.685e-01
7.178412e-06   1.218   1.694e-01
7.186150e-06   1.215   1.703e-01
7.193905e-06   1.213   1.714e-01
7.201677e-06   1.210   1.725e-01
7.209466e-06   1.207   1.737e-01
7.217271e-06   1.204   1.750e-01
7.225094e-06   1.201   1.764e-01
7.232933e-06   1.198   1.779e-01
7.240789e-06   1.195   1.795e-01
7.248663e-06   1.192   1.812e-01
7.256554e-06   1.189   1.830e-01
7.264461e-06   1.186   1.849e-01
7.272387e-06   1.183   1.868e-01
7.280329e-06   1.180   1.888e-01
7.288289e-06   1.177   1.908e-01
7.296266e-06   1.175   1.930e-01
7.304261e-06   1.171   1.952e-01
7.312273e-06   1.168   1.975e-01
7.320303e-06   1.165   1.999e-01
7.328350e-06   1.162   2.024e-01
7.336415e-06   1.159   2.049e-01
7.344498e-06   1.156   2.076e-01
7.352599e-06   1.153   2.103e-01
7.360718e-06   1.150   2.132e-01
7.368854e-06   1.147   2.163e-01
7.377009e-06   1.144   2.195e-01
7.385182e-06   1.141   2.228e-01
7.393372e-06   1.138   2.263e-01
7.401581e-06   1.134   2.300e-01
7.409809e-06   1.131   2.339e-01
7.418054e-06   1.129   2.379e-01
7.426318e-06   1.126   2.420e-01
7.434601e-06   1.123   2.462e-01
7.442901e-06   1.121   2.506e-01
7.451221e-06   1.119   2.551e-01
7.459559e-06   1.117   2.596e-01
7.467916e-06   1.115   2.641e-01
7.476291e-06   1.113   2.687e-01
7.484685e-06   1.111   2.734e-01
7.493098e-06   1.110   2.781e-01
7.501531e-06   1.108   2.828e-01
7.509982e-06   1.107   2.876e-01
7.518452e-06   1.105   2.925e-01
7.526941e-06   1.104   2.974e-01
7.535450e-06   1.103   3.023e-01
7.543977e-06   1.102   3.073e-01
7.552524e-06   1.102   3.122e-01
7.561091e-06   1.101   3.171e-01
7.569677e-06   1.101   3.221e-01
7.578282e-06   1.101   3.269e-01
7.586907e-06   1.101   3.316e-01
7.595552e-06   1.101   3.362e-01
7.604216e-06   1.102   3.408e-01
7.612900e-06   1.102   3.451e-01
7.621604e-06   1.103   3.494e-01
7.630328e-06   1.103   3.535e-01
7.639072e-06   1.104   3.576e-01
7.647836e-06   1.104   3.614e-01
7.656620e-06   1.105   3.652e-01
7.665425e-06   1.106   3.688e-01
7.674249e-06   1.107   3.723e-01
7.683094e-06   1.107   3.757e-01
7.691960e-06   1.108   3.790e-01
7.700845e-06   1.109   3.821e-01
7.709752e-06   1.109   3.851e-01
7.718679e-06   1.110   3.880e-01
7.727627e-06   1.110   3.907e-01
7.736595e-06   1.111   3.934e-01
7.745584e-06   1.111   3.959e-01
7.754595e-06   1.111   3.984e-01
7.763626e-06   1.111   4.007e-01
7.772678e-06   1.111   4.031e-01
7.781752e-06   1.111   4.053e-01
7.790846e-06   1.111   4.076e-01
7.799962e-06   1.110   4.098e-01
7.809100e-06   1.109   4.121e-01
7.818258e-06   1.108   4.144e-01
7.827438e-06   1.107   4.168e-01
7.836640e-06   1.106   4.193e-01
7.845864e-06   1.104   4.220e-01
7.855109e-06   1.102   4.247e-01
7.864376e-06   1.100   4.277e-01
7.873665e-06   1.098   4.308e-01
7.882976e-06   1.096   4.341e-01
7.892309e-06   1.094   4.377e-01
7.901664e-06   1.091   4.416e-01
7.911041e-06   1.089   4.457e-01
7.920441e-06   1.086   4.501e-01
7.929862e-06   1.083   4.548e-01
7.939307e-06   1.081   4.598e-01
7.948774e-06   1.078   4.651e-01
7.958263e-06   1.076   4.708e-01
7.967775e-06   1.073   4.768e-01
7.977310e-06   1.071   4.831e-01
7.986868e-06   1.068   4.898e-01
7.996449e-06   1.066   4.967e-01
8.006052e-06   1.064   5.040e-01
8.015679e-06   1.063   5.116e-01
8.025329e-06   1.061   5.194e-01
8.035002e-06   1.060   5.275e-01
8.044699e-06   1.059   5.359e-01
8.054419e-06   1.059   5.444e-01
8.064163e-06   1.059   5.531e-01
8.073930e-06   1.059   5.620e-01
8.083721e-06   1.059   5.710e-01
8.093535e-06   1.060   5.802e-01
8.103374e-06   1.062   5.893e-01
8.113236e-06   1.064   5.985e-01
8.123123e-06   1.066   6.077e-01
8.133033e-06   1.068   6.169e-01
8.142968e-06   1.071   6.260e-01
8.152927e-06   1.074   6.351e-01
8.162911e-06   1.078   6.440e-01
8.172918e-06   1.082   6.528e-01
8.182951e-06   1.086   6.614e-01
8.193008e-06   1.091   6.699e-01
8.203090e-06   1.096   6.783e-01
8.213197e-06   1.101   6.864e-01
8.223329e-06   1.106   6.943e-01
8.233485e-06   1.112   7.020e-01
8.243667e-06   1.117   7.095e-01
8.253874e-06   1.123   7.168e-01
8.264107e-06   1.129   7.239e-01
8.274365e-06   1.136   7.308e-01
8.284648e-06   1.142   7.374e-01
8.294957e-06   1.149   7.438e-01
8.305291e-06   1.155   7.500e-01
8.315652e-06   1.162   7.560e-01
8.326038e-06   1.169   7.618e-01
8.336450e-06   1.176   7.674e-01
8.346888e-06   1.183   7.728e-01
8.357353e-06   1.189   7.781e-01
8.367844e-06   1.196   7.832e-01
8.378361e-06   1.203   7.881e-01
8.388904e-06   1.210   7.930e-01
8.399475e-06   1.217   7.978e-01
8.410071e-06   1.224   8.024e-01
8.420695e-06   1.231   8.071e-01
8.431345e-06   1.238   8.117e-01
8.442023e-06   1.245   8.163e-01
8.452727e-06   1.252   8.208e-01
8.463459e-06   1.259   8.254e-01
8.474218e-06   1.267   8.299e-01
8.485004e-06   1.274   8.344e-01
8.495818e-06   1.282   8.389e-01
8.506660e-06   1.290   8.434e-01
8.517529e-06   1.298   8.478e-01
8.528426e-06   1.306   8.522e-01
8.539351e-06   1.314   8.564e-01
8.550304e-06   1.323   8.606e-01
8.561285e-06   1.332   8.645e-01
8.572294e-06   1.342   8.683e-01
8.583332e-06   1.351   8.720e-01
8.594398e-06   1.361   8.753e-01
8.605493e-06   1.371   8.784e-01
8.616616e-06   1.382   8.812e-01
8.627768e-06   1.393   8.836e-01
8.638949e-06   1.404   8.856e-01
8.650159e-06   1.415   8.872e-01
8.661398e-06   1.426   8.884e-01
8.672667e-06   1.438   8.891e-01
8.683965e-06   1.450   8.893e-01
8.695292e-06   1.462   8.889e-01
8.706649e-06   1.474   8.880e-01
8.718035e-06   1.485   8.865e-01
8.729452e-06   1.497   8.844e-01
8.740898e-06   1.509   8.817e-01
8.752374e-06   1.521   8.783e-01
8.763881e-06   1.532   8.744e-01
8.775418e-06   1.543   8.699e-01
8.786985e-06   1.554   8.648e-01
8.798583e-06   1.565   8.592e-01
8.810212e-06   1.575   8.530e-01
8.821871e-06   1.585   8.464e-01
8.833561e-06   1.594   8.393e-01
8.845282e-06   1.602   8.318e-01
8.857034e-06   1.610   8.239e-01
8.868818e-06   1.617   8.157e-01
8.880633e-06   1.624   8.073e-01
8.892479e-06   1.630   7.987e-01
8.904358e-06   1.636   7.899e-01
8.916268e-06   1.640   7.810e-01
8.928209e-06   1.644   7.721e-01
8.940183e-06   1.648   7.631e-01
8.952189e-06   1.651   7.543e-01
8.964228e-06   1.653   7.455e-01
8.976298e-06   1.654   7.369e-01
8.988402e-06   1.655   7.285e-01
9.000538e-06   1.655   7.203e-01
9.012706e-06   1.655   7.125e-01
9.024908e-06   1.654   7.049e-01
9.037143e-06   1.652   6.977e-01
9.049411e-06   1.651   6.909e-01
9.061712e-06   1.648   6.845e-01
9.074047e-06   1.645   6.785e-01
9.086416e-06   1.642   6.731e-01
9.098818e-06   1.638   6.682e-01
9.111254e-06   1.634   6.637e-01
9.123724e-06   1.630   6.599e-01
9.136229e-06   1.625   6.567e-01
9.148768e-06   1.620   6.541e-01
9.161341e-06   1.615   6.523e-01
9.173949e-06   1.610   6.512e-01
9.186591e-06   1.604   6.509e-01
9.199269e-06   1.598   6.514e-01
9.211981e-06   1.593   6.529e-01
9.224729e-06   1.587   6.552e-01
9.237512e-06   1.581   6.586e-01
9.250330e-06   1.576   6.629e-01
9.263184e-06   1.571   6.682e-01
9.276074e-06   1.567   6.745e-01
9.289000e-06   1.564   6.817e-01
9.301962e-06   1.561   6.898e-01
9.314960e-06   1.560   6.986e-01
9.327994e-06   1.559   7.081e-01
9.341065e-06   1.560   7.181e-01
9.354173e-06   1.561   7.285e-01
9.367317e-06   1.565   7.391e-01
9.380499e-06   1.569   7.498e-01
9.393718e-06   1.575   7.604e-01
9.406973e-06   1.582   7.707e-01
9.420267e-06   1.590   7.807e-01
9.433598e-06   1.600   7.902e-01
9.446967e-06   1.610   7.991e-01
9.460373e-06   1.622   8.073e-01
9.473818e-06   1.634   8.147e-01
9.487302e-06   1.647   8.213e-01
9.500823e-06   1.662   8.269e-01
9.514383e-06   1.676   8.315e-01
9.527982e-06   1.692   8.350e-01
9.541620e-06   1.708   8.373e-01
9.555297e-06   1.724   8.384e-01
9.569013e-06   1.741   8.383e-01
9.582769e-06   1.757   8.369e-01
9.596564e-06   1.774   8.342e-01
9.610399e-06   1.791   8.302e-01
9.624274e-06   1.807   8.250e-01
9.638189e-06   1.823   8.187e-01
9.652145e-06   1.838   8.111e-01
9.666141e-06   1.853   8.025e-01
9.680177e-06   1.867   7.929e-01
9.694255e-06   1.881   7.824e-01
9.708373e-06   1.893   7.711e-01
9.722533e-06   1.905   7.591e-01
9.736734e-06   1.915   7.464e-01
9.750976e-06   1.925   7.331e-01
9.765260e-06   1.934   7.195e-01
9.779586e-06   1.941   7.054e-01
9.793954e-06   1.948   6.912e-01
9.808365e-06   1.954   6.767e-01
9.822818e-06   1.958   6.623e-01
9.837313e-06   1.962   6.478e-01
9.851852e-06   1.964   6.334e-01
9.866433e-06   1.966   6.192e-01
9.881058e-06   1.967   6.053e-01
9.895726e-06   1.967   5.917e-01
9.910438e-06   1.966   5.784e-01
9.925194e-06   1.965   5.655e-01
9.939993e-06   1.963   5.530e-01
9.954837e-06   1.960   5.411e-01
9.969725e-06   1.957   5.296e-01
9.984658e-06   1.954   5.187e-01
9.999635e-06   1.950   5.084e-01
1.001466e-05   1.945   4.986e-01
1.002973e-05   1.940   4.894e-01
1.004484e-05   1.936   4.808e-01
1.006000e-05   1.931   4.727e-01
1.007520e-05   1.926   4.652e-01
1.009045e-05   1.921   4.582e-01
1.010575e-05   1.916   4.516e-01
1.012109e-05   1.911   4.454e-01
1.013648e-05   1.906   4.396e-01
1.015192e-05   1.901   4.341e-01
1.016740e-05   1.897   4.288e-01
1.018294e-05   1.893   4.238e-01
1.019851e-05   1.888   4.189e-01
1.021414e-05   1.884   4.141e-01
1.022981e-05   1.880   4.094e-01
1.024554e-05   1.875   4.049e-01
1.026131e-05   1.871   4.005e-01
1.027713e-05   1.867   3.961e-01
1.029300e-05   1.862   3.919e-01
1.030891e-05   1.858   3.877e-01
1.032488e-05   1.853   3.837e-01
1.034090e-05   1.848   3.797e-01
1.035696e-05   1.844   3.759e-01
1.037308e-05   1.839   3.722e-01
1.038925e-05   1.833   3.687e-01
1.040546e-05   1.828   3.653e-01
1.042173e-05   1.822   3.621e-01
1.043805e-05   1.817   3.590e-01
1.045442e-05   1.811   3.562e-01
1.047084e-05   1.805   3.536e-01
1.048731e-05   1.798   3.513e-01
1.050384e-05   1.792   3.493e-01
1.052042e-05   1.785   3.476e-01
1.053705e-05   1.777   3.463e-01
1.055373e-05   1.770   3.455e-01
1.057046e-05   1.762   3.451e-01
1.058725e-05   1.754   3.453e-01
1.060409e-05   1.746   3.462e-01
1.062099e-05   1.738   3.477e-01
1.063794e-05   1.730   3.499e-01
1.065494e-05   1.721   3.530e-01
1.067200e-05   1.713   3.570e-01
1.068911e-05   1.705   3.619e-01
1.070628e-05   1.697   3.677e-01
1.072350e-05   1.689   3.745e-01
1.074078e-05   1.683   3.822e-01
1.075811e-05   1.677   3.909e-01
1.077550e-05   1.672   4.004e-01
1.079295e-05   1.668   4.107e-01
1.081045e-05   1.665   4.217e-01
1.082801e-05   1.664   4.332e-01
1.084563e-05   1.664   4.451e-01
1.086330e-05   1.665   4.572e-01
1.088103e-05   1.669   4.694e-01
1.089882e-05   1.673   4.814e-01
1.091667e-05   1.680   4.930e-01
1.093458e-05   1.687   5.040e-01
1.095254e-05   1.697   5.144e-01
1.097057e-05   1.707   5.238e-01
1.098865e-05   1.719   5.321e-01
1.100680e-05   1.732   5.391e-01
1.102500e-05   1.746   5.447e-01
1.104326e-05   1.760   5.488e-01
1.106159e-05   1.775   5.514e-01
1.107997e-05   1.790   5.523e-01
1.109842e-05   1.806   5.515e-01
1.111693e-05   1.821   5.491e-01
1.113550e-05   1.836   5.450e-01
1.115413e-05   1.850   5.393e-01
1.117283e-05   1.864   5.322e-01
1.119158e-05   1.876   5.237e-01
1.121041e-05   1.888   5.141e-01
1.122929e-05   1.898   5.034e-01
1.124824e-05   1.907   4.919e-01
1.126725e-05   1.914   4.798e-01
1.128633e-05   1.920   4.672e-01
1.130547e-05   1.924   4.544e-01
1.132467e-05   1.927   4.416e-01
1.134394e-05   1.929   4.289e-01
1.136328e-05   1.930   4.165e-01
1.138268e-05   1.929   4.044e-01
1.140215e-05   1.928   3.929e-01
1.142169e-05   1.925   3.820e-01
1.144129e-05   1.923   3.716e-01
1.146096e-05   1.919   3.619e-01
1.148070e-05   1.915   3.529e-01
1.150051e-05   1.911   3.444e-01
1.152038e-05   1.907   3.366e-01
1.154033e-05   1.902   3.294e-01
1.156034e-05   1.897   3.227e-01
1.158042e-05   1.892   3.165e-01
1.160058e-05   1.888   3.108e-01
1.162080e-05   1.883   3.055e-01
1.164109e-05   1.878   3.006e-01
1.166146e-05   1.873   2.961e-01
1.168189e-05   1.868   2.919e-01
1.170240e-05   1.864   2.880e-01
1.172298e-05   1.859   2.844e-01
1.174363e-05   1.854   2.811e-01
1.176436e-05   1.850   2.780e-01
1.178515e-05   1.845   2.751e-01
1.180603e-05   1.841   2.723e-01
1.182697e-05   1.837   2.698e-01
1.184799e-05   1.833   2.674e-01
1.186909e-05   1.829   2.651e-01
1.189026e-05   1.824   2.630e-01
1.191150e-05   1.820   2.611e-01
1.193283e-05   1.816   2.592e-01
1.195423e-05   1.812   2.576e-01
1.197570e-05   1.808   2.560e-01
1.199725e-05   1.804   2.547e-01
1.201888e-05   1.800   2.535e-01
1.204059e-05   1.796   2.525e-01
1.206238e-05   1.792   2.517e-01
1.208425e-05   1.788   2.511e-01
1.210619e-05   1.784   2.506e-01
1.212822e-05   1.781   2.502e-01
1.215032e-05   1.777   2.499e-01
1.217251e-05   1.774   2.496e-01
1.219478e-05   1.771   2.495e-01
1.221713e-05   1.768   2.493e-01
1.223956e-05   1.765   2.491e-01
1.226207e-05   1.763   2.490e-01
1.228467e-05   1.760   2.488e-01
1.230735e-05   1.757   2.487e-01
1.233012e-05   1.754   2.486e-01
1.235296e-05   1.752   2.485e-01
1.237590e-05   1.749   2.485e-01
1.239892e-05   1.746   2.485e-01
1.242202e-05   1.744   2.485e-01
1.244521e-05   1.741   2.486e-01
1.246849e-05   1.739   2.487e-01
1.249186e-05   1.736   2.489e-01
1.251531e-05   1.733   2.492e-01
1.253885e-05   1.731   2.495e-01
1.256248e-05   1.729   2.498e-01
1.258620e-05   1.726   2.502e-01
1.261001e-05   1.724   2.507e-01
1.263390e-05   1.721   2.512e-01
1.265789e-05   1.719   2.517e-01
1.268198e-05   1.717   2.523e-01
1.270615e-05   1.715   2.530e-01
1.273041e-05   1.713   2.536e-01
1.275477e-05   1.711   2.543e-01
1.277922e-05   1.709   2.550e-01
1.280377e-05   1.707   2.557e-01
1.282841e-05   1.705   2.565e-01
1.285314e-05   1.703   2.572e-01
1.287797e-05   1.702   2.580e-01
1.290290e-05   1.700   2.587e-01
1.292792e-05   1.698   2.595e-01
1.295304e-05   1.697   2.602e-01
1.297826e-05   1.695   2.610e-01
1.300358e-05   1.694   2.618e-01
1.302899e-05   1.692   2.626e-01
1.305451e-05   1.691   2.634e-01
1.308012e-05   1.689   2.642e-01
1.310584e-05   1.688   2.651e-01
1.313165e-05   1.687   2.659e-01
1.315757e-05   1.685   2.667e-01
1.318359e-05   1.684   2.675e-01
1.320972e-05   1.683   2.683e-01
1.323595e-05   1.682   2.691e-01
1.326228e-05   1.681   2.698e-01
1.328872e-05   1.680   2.706e-01
1.331526e-05   1.679   2.713e-01
1.334191e-05   1.678   2.719e-01
1.336867e-05   1.677   2.726e-01
1.339553e-05   1.676   2.731e-01
1.342250e-05   1.675   2.737e-01
1.344959e-05   1.674   2.742e-01
1.347678e-05   1.673   2.748e-01
1.350408e-05   1.672   2.752e-01
1.353149e-05   1.671   2.757e-01
1.355901e-05   1.670   2.761e-01
1.358665e-05   1.669   2.765e-01
1.361439e-05   1.668   2.769e-01
1.364226e-05   1.667   2.773e-01
1.367023e-05   1.666   2.776e-01
1.369832e-05   1.665   2.780e-01
1.372653e-05   1.664   2.782e-01
1.375485e-05   1.663   2.785e-01
1.378329e-05   1.662   2.788e-01
1.381185e-05   1.661   2.791e-01
1.384053e-05   1.660   2.793e-01
1.386932e-05   1.658   2.795e-01
1.389824e-05   1.657   2.797e-01
1.392728e-05   1.656   2.799e-01
1.395644e-05   1.654   2.801e-01
1.398572e-05   1.653   2.803e-01
1.401512e-05   1.651   2.806e-01
1.404465e-05   1.650   2.809e-01
1.407430e-05   1.648   2.812e-01
1.410408e-05   1.647   2.816e-01
1.413398e-05   1.645   2.820e-01
1.416401e-05   1.643   2.824e-01
1.419417e-05   1.641   2.829e-01
1.422446e-05   1.640   2.834e-01
1.425488e-05   1.638   2.840e-01
1.428543e-05   1.636   2.846e-01
1.431611e-05   1.634   2.852e-01
1.434692e-05   1.633   2.858e-01
1.437786e-05   1.631   2.865e-01
1.440894e-05   1.629   2.873e-01
1.444015e-05   1.627   2.880e-01
1.447150e-05   1.625   2.888e-01
1.450298e-05   1.623   2.897e-01
1.453460e-05   1.621   2.905e-01
1.456636e-05   1.619   2.914e-01
1.459826e-05   1.617   2.924e-01
1.463030e-05   1.615   2.934e-01
1.466248e-05   1.613   2.944e-01
1.469480e-05   1.611   2.954e-01
1.472727e-05   1.609   2.965e-01
1.475988e-05   1.607   2.975e-01
1.479263e-05   1.605   2.985e-01
1.482553e-05   1.602   2.996e-01
1.485857e-05   1.600   3.007e-01
1.489177e-05   1.598   3.018e-01
1.492511e-05   1.595   3.030e-01
1.495860e-05   1.592   3.041e-01
1.499224e-05   1.590   3.053e-01
1.502604e-05   1.586   3.066e-01
1.505998e-05   1.583   3.082e-01
1.509408e-05   1.580   3.099e-01
1.512834e-05   1.577   3.117e-01
1.516275e-05   1.573   3.137e-01
1.519732e-05   1.570   3.158e-01
1.523204e-05   1.566   3.180e-01
1.526693e-05   1.563   3.205e-01
1.530197e-05   1.559   3.231e-01
1.533718e-05   1.555   3.260e-01
1.537254e-05   1.551   3.290e-01
1.540808e-05   1.547   3.322e-01
1.544377e-05   1.543   3.357e-01
1.547963e-05   1.539   3.394e-01
1.551566e-05   1.535   3.435e-01
1.555186e-05   1.530   3.479e-01
1.558823e-05   1.526   3.527e-01
1.562476e-05   1.521   3.579e-01
1.566147e-05   1.517   3.636e-01
1.569836e-05   1.512   3.698e-01
1.573541e-05   1.508   3.764e-01
1.577264e-05   1.504   3.836e-01
1.581005e-05   1.500   3.912e-01
1.584764e-05   1.496   3.995e-01
1.588540e-05   1.492   4.083e-01
1.592335e-05   1.489   4.176e-01
1.596147e-05   1.487   4.274e-01
1.599978e-05   1.485   4.376e-01
1.603828e-05   1.484   4.481e-01
1.607696e-05   1.483   4.590e-01
1.611582e-05   1.483   4.702e-01
1.615488e-05   1.484   4.816e-01
1.619412e-05   1.486   4.931e-01
1.623356e-05   1.488   5.046e-01
1.627319e-05   1.490   5.161e-01
1.631301e-05   1.494   5.277e-01
1.635303e-05   1.497   5.392e-01
1.639324e-05   1.502   5.507e-01
1.643366e-05   1.506   5.621e-01
1.647427e-05   1.512   5.736e-01
1.651508e-05   1.517   5.851e-01
1.655610e-05   1.524   5.966e-01
1.659732e-05   1.530   6.082e-01
1.663875e-05   1.538   6.198e-01
1.668038e-05   1.546   6.314e-01
1.672223e-05   1.555   6.431e-01
1.676428e-05   1.565   6.548e-01
1.680655e-05   1.575   6.666e-01
1.684902e-05   1.587   6.783e-01
1.689172e-05   1.599   6.900e-01
1.693463e-05   1.613   7.015e-01
1.697776e-05   1.628   7.126e-01
1.702111e-05   1.644   7.234e-01
1.706468e-05   1.662   7.336e-01
1.710848e-05   1.682   7.428e-01
1.715250e-05   1.704   7.508e-01
1.719675e-05   1.728   7.572e-01
1.724123e-05   1.753   7.614e-01
1.728593e-05   1.780   7.632e-01
1.733087e-05   1.809   7.620e-01
1.737605e-05   1.839   7.576e-01
1.742146e-05   1.868   7.496e-01
1.746711e-05   1.897   7.381e-01
1.751300e-05   1.925   7.231e-01
1.755913e-05   1.950   7.047e-01
1.760550e-05   1.972   6.835e-01
1.765212e-05   1.990   6.600e-01
1.769899e-05   2.005   6.348e-01
1.774611e-05   2.015   6.087e-01
1.779347e-05   2.021   5.824e-01
1.784110e-05   2.024   5.566e-01
1.788897e-05   2.023   5.319e-01
1.793711e-05   2.019   5.085e-01
1.798550e-05   2.014   4.870e-01
1.803416e-05   2.006   4.674e-01
1.808308e-05   1.998   4.499e-01
1.813227e-05   1.989   4.343e-01
1.818172e-05   1.980   4.207e-01
1.823145e-05   1.971   4.087e-01
1.828145e-05   1.961   3.982e-01
1.833172e-05   1.952   3.890e-01
1.838227e-05   1.943   3.810e-01
1.843310e-05   1.935   3.740e-01
1.848421e-05   1.927   3.680e-01
1.853561e-05   1.919   3.628e-01
1.858729e-05   1.911   3.582e-01
1.863926e-05   1.904   3.542e-01
1.869153e-05   1.897   3.506e-01
1.874408e-05   1.891   3.475e-01
1.879694e-05   1.885   3.448e-01
1.885009e-05   1.879   3.424e-01
1.890354e-05   1.874   3.402e-01
1.895730e-05   1.869   3.382e-01
1.901137e-05   1.864   3.362e-01
1.906574e-05   1.859   3.344e-01
1.912043e-05   1.854   3.327e-01
1.917543e-05   1.850   3.312e-01
1.923074e-05   1.845   3.298e-01
1.928638e-05   1.841   3.285e-01
1.934234e-05   1.836   3.272e-01
1.939863e-05   1.831   3.262e-01
1.945524e-05   1.827   3.253e-01
1.951219e-05   1.822   3.246e-01
1.956947e-05   1.818   3.240e-01
1.962709e-05   1.814   3.236e-01
1.968505e-05   1.809   3.233e-01
1.974335e-05   1.805   3.232e-01
1.980200e-05   1.801   3.232e-01
1.986099e-05   1.797   3.233e-01
1.992034e-05   1.792   3.236e-01
1.998005e-05   1.788   3.241e-01
2.004012e-05   1.784   3.247e-01
2.010054e-05   1.779   3.256e-01
2.016134e-05   1.775   3.266e-01
2.022250e-05   1.771   3.279e-01
2.028403e-05   1.767   3.294e-01
2.034594e-05   1.762   3.310e-01
2.040823e-05   1.758   3.330e-01
2.047090e-05   1.754   3.352e-01
2.053396e-05   1.750   3.377e-01
2.059740e-05   1.746   3.405e-01
2.066124e-05   1.743   3.435e-01
2.072548e-05   1.739   3.467e-01
2.079012e-05   1.736   3.501e-01
2.085516e-05   1.732   3.539e-01
2.092061e-05   1.729   3.579e-01
2.098647e-05   1.727   3.622e-01
2.105275e-05   1.724   3.667e-01
2.111945e-05   1.722   3.715e-01
2.118657e-05   1.720   3.765e-01
2.125412e-05   1.718   3.817e-01
2.132210e-05   1.717   3.873e-01
2.139052e-05   1.716   3.931e-01
2.145938e-05   1.715   3.991e-01
2.152869e-05   1.715   4.052e-01
2.159844e-05   1.716   4.114e-01
2.166864e-05   1.717   4.177e-01
2.173931e-05   1.720   4.239e-01
2.181044e-05   1.722   4.299e-01
2.188203e-05   1.726   4.356e-01
2.195410e-05   1.730   4.409e-01
2.202664e-05   1.734   4.459e-01
2.209966e-05   1.739   4.505e-01
2.217317e-05   1.744   4.546e-01
2.224717e-05   1.750   4.582e-01
2.232166e-05   1.756   4.613e-01
2.239666e-05   1.762   4.636e-01
2.247216e-05   1.768   4.653e-01
2.254817e-05   1.775   4.663e-01
2.262470e-05   1.781   4.667e-01
2.270175e-05   1.788   4.664e-01
2.277932e-05   1.794   4.654e-01
2.285743e-05   1.799   4.638e-01
2.293607e-05   1.804   4.617e-01
2.301526e-05   1.809   4.592e-01
2.309500e-05   1.813   4.564e-01
2.317529e-05   1.816   4.534e-01
2.325614e-05   1.819   4.504e-01
2.333756e-05   1.821   4.474e-01
2.341955e-05   1.823   4.445e-01
2.350211e-05   1.824   4.417e-01
2.358527e-05   1.826   4.390e-01
2.366901e-05   1.827   4.364e-01
2.375335e-05   1.828   4.340e-01
2.383829e-05   1.829   4.316e-01
2.392384e-05   1.831   4.294e-01
2.401001e-05   1.832   4.271e-01
2.409680e-05   1.833   4.247e-01
2.418422e-05   1.834   4.222e-01
2.427228e-05   1.835   4.194e-01
2.436098e-05   1.836   4.166e-01
2.445033e-05   1.837   4.136e-01
2.454034e-05   1.837   4.106e-01
2.463102e-05   1.837   4.075e-01
2.472236e-05   1.837   4.043e-01
2.481439e-05   1.836   4.012e-01
2.490711e-05   1.835   3.982e-01
2.500052e-05   1.833   3.954e-01
