#========================================================================
# NON-SPHERICAL CORRECTIONS FOR HYDROPHLIC DUST
# - Raw data provided by S. Remy (13-Feb-2023). "sr at hygeos.com"
# - This file and the implementation -> Ramiro Checa-Garcia (Feb-2023)
#                                       ramiro.checa-garcia at ecmwf.int
#
# Wavelength in micron
#========================================================================
#Wavelength  Mass-Ext-Scaling   SSA-Scaling        Asymmetry-Scaling  Lidar-Ratio-Scaling  Bin
3.40000E-01  1.0337457759293    1.00582555751702   1.01950139982101   1.0                  1 
3.55000E-01  1.04435136916849   1.00739393982269   1.02749672326809   1.0                  1 
3.80000E-01  1.0616554763757    1.00914956863848   1.04107936737113   1.0                  1 
4.00000E-01  1.07270062595023   1.00920788211918   1.04991315337206   1.0                  1 
4.40000E-01  1.08081453973095   1.00686552360901   1.0579778728353    1.0                  1 
4.69000E-01  1.07503657565782   1.00551661356395   1.05635224028223   1.0                  1 
5.00000E-01  1.06317883062657   1.00403986166631   1.04947166912636   1.0                  1 
5.32000E-01  1.04997260642147   1.00252723284211   1.04294296178135   1.0                  1 
5.50000E-01  1.0419120885875    1.00172994939872   1.03767185701141   1.0                  1 
6.45000E-01  1.00553981423834   1.00039074518491   1.02100455570714   1.0                  1 
6.70000E-01  0.998718152498833  1.00030505875452   1.01871763096253   1.0                  1 
8.00000E-01  0.978623609143383  0.999870501719166  1.00999828551834   1.0                  1 
8.58000E-01  0.976072935622344  0.999691196344091  1.00671039767074   1.0                  1 
8.65000E-01  0.975304747320061  0.999674903133363  1.00631604658013   1.0                  1 
1.02000E+00  0.972756859035005  0.99968800501639   1.005853050134     1.0                  1 
1.06400E+00  0.972188701937629  0.999612180789069  1.0046924896156    1.0                  1 
1.24000E+00  0.968755911469828  0.999585626150682  1.0066929520994    1.0                  1 
1.64000E+00  0.953625064481278  0.999219819497439  0.988944627568648  1.0                  1 
2.13000E+00  0.980934203074858  0.9988795737594    0.971263716189828  1.0                  1 
3.40000E-01  1.05173356666302   1.00125699805359   0.999555975044373  1.0                  2  
3.55000E-01  1.05121124960051   1.00036294070629   0.995974884820614  1.0                  2  
3.80000E-01  1.05188227154726   1.00083903214783   0.990547155617895  1.0                  2  
4.00000E-01  1.0454348195249    1.00032228788301   0.985348451714049  1.0                  2  
4.40000E-01  1.01852867415536   0.997157838997043  0.970435152026939  1.0                  2  
4.69000E-01  1.00393240448996   0.995819595601742  0.962059544226067  1.0                  2  
5.00000E-01  1.00511449712662   0.997961383203233  0.965098708466472  1.0                  2  
5.32000E-01  1.02337144736588   1.00151406342832   0.977350499395165  1.0                  2  
5.50000E-01  1.04338317633884   1.00401892382151   0.994154106970612  1.0                  2  
6.45000E-01  1.16888487597097   1.01175244883254   1.10801550092921   1.0                  2  
6.70000E-01  1.18421425343792   1.01110820139437   1.12138629316495   1.0                  2  
8.00000E-01  1.15272766380771   1.00564978831569   1.09231212484994   1.0                  2  
8.58000E-01  1.11082774912019   1.00411932024473   1.07472006989631   1.0                  2  
8.65000E-01  1.10838035767141   1.0039016785303    1.07223182995233   1.0                  2  
1.02000E+00  1.03701543214843   1.00087393668472   1.02989160650671   1.0                  2  
1.06400E+00  1.02032888063881   1.0007730312565    1.02520173926123   1.0                  2  
1.24000E+00  0.99062206577305   0.999868915180953  1.01435765196811   1.0                  2  
1.64000E+00  0.97904294361565   0.999651054431403  1.01078858002437   1.0                  2  
2.13000E+00  0.97227009354410   0.999550290276671  1.00907189210912   1.0                  2  
3.40000E-01  1.05450340839918   1.01128879106426   1.00302438270583   1.0                  3 
3.55000E-01  1.0520818563476    1.0086886692925    1.0035101725872    1.0                  3 
3.80000E-01  1.04824145359298   1.00443547011331   1.00358119605831   1.0                  3 
4.00000E-01  1.0481385981508    1.00275736532396   1.00383490069547   1.0                  3 
4.40000E-01  1.05353046021663   1.00066515061496   1.00288711384852   1.0                  3 
4.69000E-01  1.06068924334955   1.00137251470222   1.00279870464788   1.0                  3 
5.00000E-01  1.06269733874605   1.00119609225087   1.00148118504564   1.0                  3 
5.32000E-01  1.06024697050906   0.99929980060872   0.996987256641561  1.0                  3 
5.50000E-01  1.05853932183012   0.998644333169444  0.994194073440582  1.0                  3 
6.45000E-01  1.03802674665019   0.996382897738798  0.982410422616894  1.0                  3 
6.70000E-01  1.0353531944957    0.996387643389421  0.980565318497396  1.0                  3 
8.00000E-01  1.04258036890931   0.998681165716515  0.982734464804923  1.0                  3 
8.58000E-01  1.04468355841347   0.999365762887974  0.982991413822384  1.0                  3 
8.65000E-01  1.04505001375197   0.999478548844429  0.983413989471477  1.0                  3 
1.02000E+00  1.07894014058411   1.00413780135711   1.0051936819667    1.0                  3 
1.06400E+00  1.08786607856197   1.00511346491094   1.01169970846339   1.0                  3 
1.24000E+00  1.08003993575786   1.00534686625109   1.02014444993602   1.0                  3 
1.64000E+00  1.08067642989012   1.0054727088461    1.04421915411705   1.0                  3 
2.13000E+00  1.06149873366406   1.00464609426985   1.04268476512633   1.0                  3 
3.40000E-01  1.05566398496838   1.00756310954193   0.99856108084476   1.0                  4 
3.55000E-01  1.05567610234257   1.0090714170883    0.99905149498655   1.0                  4 
3.80000E-01  1.05584781355513   1.01037894178959   1.00011789116288   1.0                  4 
4.00000E-01  1.0548389639048    1.01015497052257   1.00089272525949   1.0                  4 
4.40000E-01  1.05640605812526   1.00832793752048   1.00299261167968   1.0                  4 
4.69000E-01  1.05360015631615   1.00477030827773   1.00265127032129   1.0                  4 
5.00000E-01  1.0556769766156    1.00436241610738   1.00265298923364   1.0                  4 
5.32000E-01  1.0575971318343    1.00192155231064   1.00184449293672   1.0                  4 
5.50000E-01  1.05548796665998   0.999333904401095  0.999874447656879  1.0                  4 
6.45000E-01  1.05951411662102   0.998192387564233  0.997488832952437  1.0                  4 
6.70000E-01  1.06034504915505   0.998084412954204  0.996584344934306  1.0                  4 
8.00000E-01  1.05219727317783   0.996504597669492  0.99120817484208   1.0                  4 
8.58000E-01  1.06550596749619   0.998822212291778  0.995025823882729  1.0                  4 
8.65000E-01  1.06630782853207   0.99899193907465   0.995483232196562  1.0                  4 
1.02000E+00  1.03890538833511   0.993812522210119  0.99066655136154   1.0                  4 
1.06400E+00  1.03264484668657   0.992809566796441  0.989636635879054  1.0                  4 
1.24000E+00  1.067055746748     0.998752901115012  0.998593594858326  1.0                  4 
1.64000E+00  1.03648923921708   0.996610542278507  0.979148713764883  1.0                  4 
2.13000E+00  1.03296061021112   1.00018397427727   0.97843980035141   1.0                  4 
3.40000E-01  1.06401440128668   1.00220909862165   0.997197886972653  1.0                  5 
3.55000E-01  1.06371734413383   1.00311574497132   0.997227347970995  1.0                  5 
3.80000E-01  1.06287711823595   1.00494492733481   0.997449955104843  1.0                  5 
4.00000E-01  1.06255278156178   1.00669807127608   0.99773100150103   1.0                  5 
4.40000E-01  1.06134667351164   1.01026152325828   0.999356696385231  1.0                  5 
4.69000E-01  1.06122121389196   1.01102936108622   1.00046602075188   1.0                  5 
5.00000E-01  1.05993309102344   1.00991331962061   1.00109157104173   1.0                  5 
5.32000E-01  1.05970467120537   1.00808643958869   1.00238952153796   1.0                  5 
5.50000E-01  1.05887881576629   1.0054773795648    1.00239800733326   1.0                  5 
6.45000E-01  1.06078390128589   1.00204598026315   1.00177007965924   1.0                  5 
6.70000E-01  1.05903322163635   1.00049141084052   1.00101491573813   1.0                  5 
8.00000E-01  1.05649958454165   0.997545059332166  0.998298744614814  1.0                  5 
8.58000E-01  1.06068553994256   0.998478443965874  0.998520616934215  1.0                  5 
8.65000E-01  1.06086189238597   0.998461033849383  0.998437968449063  1.0                  5 
1.02000E+00  1.06110040547867   0.997996143183051  0.996991214630234  1.0                  5 
1.06400E+00  1.0618613778216    0.998315834231982  0.997601178119622  1.0                  5 
1.24000E+00  1.05872983762205   0.997871708319034  0.997818834848692  1.0                  5 
1.64000E+00  1.06191172894383   1.00000254567903   0.997621666258205  1.0                  5 
2.13000E+00  1.0290791148356    0.990727994169568  0.997877096050844  1.0                  5 
3.40000E-01  1.07428694579875   1.00055717125069   0.997159713673844  1.0                  6 
3.55000E-01  1.07503711637499   1.00067790787762   0.997122811676958  1.0                  6 
3.80000E-01  1.07447972308876   1.00099983549325   0.997005691399663  1.0                  6 
4.00000E-01  1.07486288562085   1.00137482174851   0.996892727422208  1.0                  6 
4.40000E-01  1.07487180943994   1.00408604581622   0.996717817786663  1.0                  6 
4.69000E-01  1.07504539522215   1.00613943525183   0.996757945621378  1.0                  6 
5.00000E-01  1.07387962969521   1.00757205093531   0.996984720467718  1.0                  6 
5.32000E-01  1.07334630955648   1.01054352688875   0.997922844566087  1.0                  6 
5.50000E-01  1.07248298617689   1.01161970239937   0.998980038662409  1.0                  6 
6.45000E-01  1.06943298228615   1.01075980743354   1.0012599979866    1.0                  6 
6.70000E-01  1.06794206566828   1.00983626261002   1.00160962210808   1.0                  6 
8.00000E-01  1.06674893960363   1.00692573830186   1.00227024893351   1.0                  6 
8.58000E-01  1.06576337430439   1.00576224742806   1.0022891835799    1.0                  6 
8.65000E-01  1.06588953882494   1.00571785653763   1.00230817134765   1.0                  6 
1.02000E+00  1.06409862567365   1.00348681072752   1.00209691929658   1.0                  6 
1.06400E+00  1.06275009497716   1.00305150965944   1.00209527048342   1.0                  6 
1.24000E+00  1.0617175570415    1.00288041508498   1.00187925848387   1.0                  6 
1.64000E+00  1.06015302718819   1.00239496054931   1.00221029829417   1.0                  6 
2.13000E+00  1.06364678744385   1.00724946307291   1.00359098167012   1.0                  6 

